week N P K Na Ca Mg Nx y1 y2 y3 y4 y5 y6 y7 y8 y9 y10
37 2 10 2 25 40 10 5 13.0874446220239 12.6289596317667 13.1005399134956 13.267192514596 12.7029005747662 NA NA NA NA NA
37 20 10 2 25 40 10 10 13.2619744358317 13.2956869021014 12.9878437896121 13.0556288896478 13.0416256434962 NA NA NA NA NA
37 2 20 2 25 40 10 15 13.0517029364935 11.5064938437697 12.5180220493471 11.7231427569102 11.781951230795 NA NA NA NA NA
37 2 10 5 25 40 10 20 14.7966594480289 15.0068228713262 15.3182618336131 14.4829741297735 15.0887550760808 NA NA NA NA NA
37 20 20 2 25 40 10 25 11.839190871355 10.9987543963092 10.9316267638958 12.3417505448914 11.0816255445589 NA NA NA NA NA
37 2 20 5 25 40 10 30 13.4514781658423 13.6291896421079 14.4273343073837 13.860128297483 13.611848791881 NA NA NA NA NA
37 20 20 5 25 40 10 35 13.1789978996822 13.4581816475335 12.6506840893767 12.4271556057995 11.8926752318931 NA NA NA NA NA
39 11 15 3.5 20 20 20 20 15.1322214853369 14.8147476925657 14.2000658697038 15.1403053043945 14.7270276082834 NA NA NA NA NA
40 11 15 3.5 15 30 30 20 14.2575758048123 14.2683379205844 13.5010982611387 14.0125094784134 13.6322371267794 NA NA NA NA NA
40 11 15 3.5 25 40 10 20 13.5957221840472 13.7682833811016 13.8713021966837 14.1710209223515 13.770686414534 NA NA NA NA NA
41 11 14.01 5 20 24.45 20 7.03 15.1415882855278 15.5654965111415 15.3226623159868 15.2306840070619 15.8944560493869 NA NA NA NA NA
41 11 13.03 6.5 20 18.91 20 0 15.9079405457135 16.8312479063368 16.7308736744813 16.0429208160657 16.6522232628004 NA NA NA NA NA
42 0 11.06 6.48 22.6 11.29 14.48 2.08 15.7417096293589 NA NA NA NA NA NA NA NA NA
42 0.44 11.7 6.94 20.02 12.33 20.01 0 15.6421634227656 NA NA NA NA NA NA NA NA NA
42 0 11.38 6.36 21.94 13.19 16.18 2.91 15.2530980425463 NA NA NA NA NA NA NA NA NA
42 1.2 11.79 6.34 21.11 14.02 17.75 1.91 16.3068398711865 NA NA NA NA NA NA NA NA NA
42 0.82 11.66 6.34 21.38 14.15 17.26 0.098 15.3268070513724 NA NA NA NA NA NA NA NA NA
42 10.95 14.71 3.91 18.11 24.99 23.77 16.65 14.8817820958653 NA NA NA NA NA NA NA NA NA
42 8.96 13.2 5.93 19.9 17.78 19.99 4.97 15.8854038258669 NA NA NA NA NA NA NA NA NA
42 3.44 16.23 4.18 24.94 39.84 10.11 22.85 14.2835795949154 NA NA NA NA NA NA NA NA NA
42 4.9 11.53 7.37 20.99 11.38 17.62 1.23 16.9909495783587 16.6201290085314 16.3969278877337 16.3141356427525 16.3076278939282 NA NA NA NA NA
42 5.18 12.02 3.14 24.9 39.71 10.2 13.39 13.6926968241459 NA NA NA NA NA NA NA NA NA
42 7.79 12.45 7.07 19.6 21.38 20.55 1.98 16.0572045585782 16.6408804192788 16.112232567166 16.1150054625934 16.715534845614 NA NA NA NA NA
42 1.96 13.14 4.78 19.56 10.36 16.75 1.57 16.1760274819305 15.7652556262951 15.1811280615495 15.011549329699 15.8713824077163 NA NA NA NA NA
42 9.12 13.72 4.31 22.06 20.64 19.2 2.12 15.5649915254047 15.4224046436005 16.0420462895629 15.470659480489 15.2044255716337 NA NA NA NA NA
42 9.91 13.48 6.38 18.23 20.57 17.27 2.55 15.64840617798 NA NA NA NA NA NA NA NA NA
42 2.53 8.76 5.38 20.29 11.59 17.73 1.63 16.8260413455705 15.6298729336509 16.0146960627968 15.6876793520915 16.2539853564545 NA NA NA NA NA
42 2.04 11.49 5.5 23.43 10.51 18.62 1.58 16.168319348658 NA NA NA NA NA NA NA NA NA
42 6.91 12.23 5.33 19 16.21 20.44 0.46 16.2034761802976 NA NA NA NA NA NA NA NA NA
42 10.74 14.17 4.56 20.79 22.6 18.12 14.59 15.7682604897334 NA NA NA NA NA NA NA NA NA
42 1.21 10.97 7.81 21.14 10.03 17.28 1.87 15.973521367461 NA NA NA NA NA NA NA NA NA
42 9.95 10.29 6.73 20.87 19.67 19.01 2.63 16.5639373281248 NA NA NA NA NA NA NA NA NA
42 11.95 19.07 4.46 25 39.99 10.01 29.65 13.5783262118497 NA NA NA NA NA NA NA NA NA
42 8.08 12.67 8 21.15 17.82 19.2 1.44 16.6478254908624 NA NA NA NA NA NA NA NA NA
42 11.42 13.01 7.4 20.64 21.44 19.97 3.47 15.7824665057738 NA NA NA NA NA NA NA NA NA
42 9.39 12.72 6.43 20.22 19.62 19.44 2.29 16.2542418714976 NA NA NA NA NA NA NA NA NA
45 1.9 11.3 6.14 21.167 11.564 17.54 1.33 16.2789530999374 NA NA NA NA NA NA NA NA NA
45 9.821 12.578 6.206 20.109 22.027 19.111 3.099 15.5443710331251 NA NA NA NA NA NA NA NA NA
45 3.411 10.391 6.583 21.488 10.239 18.09 1.966 16.3434844460744 16.1033370674812 17.2696125138309 16.9015159559387 16.9355397980294 NA NA NA NA NA
45 0.014 11.103 7.046 21.328 12.897 18.356 1.215 15.7292122729824 15.7393952844684 15.7499196282713 15.1086118959678 15.8884665778044 NA NA NA NA NA
45 3.057 10.322 7.133 20.231 12.086 18.79 1.17 17.0428861878973 NA NA NA NA NA NA NA NA NA
45 2.715 11.961 7.377 21.602 10.809 19.008 1.313 15.9088052100303 16.3944155814451 16.930027404662 16.4697913812576 16.5213278994475 NA NA NA NA NA
45 0.95 11.514 6.683 22.924 10.644 16.72 2.486 15.969641643806 NA NA NA NA NA NA NA NA NA
45 8.21 12.113 6.635 17.434 17.433 20.081 0.806 16.4173848277198 16.6792004980869 16.7118422885335 16.4617452600112 15.7576665562179 NA NA NA NA NA
45 2.725 10.325 7.405 22.13 11.79 17.933 1.668 15.9078572450943 16.7215801462759 16.7841571393034 16.8257841715234 16.4978121158293 NA NA NA NA NA
45 3.213 11.139 7.649 20.261 11.168 17.453 2.183 16.5498000901441 NA NA NA NA NA NA NA NA NA
45 3.377 10.479 7.605 20.734 10.706 17.773 0.751 16.775697044973 NA NA NA NA NA NA NA NA NA
45 3.213 11.139 7.649 20.261 11.168 17.453 2.183 16.2322633948956 NA NA NA NA NA NA NA NA NA
45 1.579 11.962 7.437 20.455 13.432 18.746 0.474 15.9818473837488 NA NA NA NA NA NA NA NA NA
46 4.221 9.695 6.46 20.469 11.832 17.54 1.544 16.423943129296 17.0670066909373 16.657179046439 16.2376470515146 16.9724177239014 NA NA NA NA NA
46 8.202 12.17 6.785 19.596 17.488 20.01 0.853 16.6738923888841 17.0001352797058 16.6798206436613 16.0572354646773 16.24756502966 NA NA NA NA NA
46 10.123 11.802 7.675 20.285 20.483 19.534 1.389 16.1997520603407 NA NA NA NA NA NA NA NA NA
46 3.728 10.94 6.63 21.05 11.444 18.392 1.492 15.8620797287417 16.7794547783039 16.9376218375799 16.208780399156 16.8290847368775 NA NA NA NA NA
49 1.383 10.565 6.732 22.166 10.352 18.93 1.617 16.9961609933241 NA NA NA NA NA NA NA NA NA
49 1.383 10.565 6.732 22.166 10.352 18.93 1.617 15.6267755106016 16.7491559003785 16.1913682015429 15.9229342049915 15.931697294898 NA NA NA NA NA
49 8.547 11.518 7.759 20.706 19.509 19.736 3.186 16.3782119667184 NA NA NA NA NA NA NA NA NA
49 7.402 12.728 6.32 18.786 16.917 19.808 2.161 17.0807894014193 NA NA NA NA NA NA NA NA NA
49 9.875 11.933 6.506 21.857 20.695 19.957 2.504 16.1262794103882 NA NA NA NA NA NA NA NA NA
49 9.875 11.933 6.506 21.857 20.695 19.957 2.504 16.0252078301474 16.5021465045809 16.474661788642 16.9286069790108 16.3058746758231 NA NA NA NA NA
49 7.402 12.728 6.32 18.786 16.917 19.808 2.161 16.5271875697705 16.261583054252 15.9157142153198 16.1659801578229 16.8100287119852 NA NA NA NA NA
49 2.472 11.61 7.007 22.633 9.778 17.735 1.467 16.9107673571232 NA NA NA NA NA NA NA NA NA
49 1.555 9.971 6.701 20.329 13.34 17.385 1.368 16.3942231121533 NA NA NA NA NA NA NA NA NA
49 2.448 9.195 7.062 20.45 11.378 17.642 1.878 16.3249075125882 NA NA NA NA NA NA NA NA NA
49 1.21 10.741 6.086 20.472 13.537 19.095 0.608 15.4526690922578 NA NA NA NA NA NA NA NA NA
49 1.663 12.39 5.944 21.116 9.454 17.653 1.997 16.5760499800486 NA NA NA NA NA NA NA NA NA
49 1.663 12.39 5.944 21.116 9.454 17.653 1.997 16.2793050660375 16.6981049988667 16.0786388352421 15.7242187773466 16.4258642107651 NA NA NA NA NA
49 8.851 12.029 7.031 20.007 17.413 19.302 3.259 16.7547733813766 NA NA NA NA NA NA NA NA NA
50 13.243 0.881 7.614 25.164 0 23.176 3.5 11.8519409330168 NA NA NA NA NA NA NA NA NA
50 10.822 10.678 7.37 23.35 0 21.689 6.848 13.1489063693376 NA NA NA NA NA NA NA NA NA
50 10.366 0 8 25.164 31.253 23.637 31.003 12.9061142256546 NA NA NA NA NA NA NA NA NA
50 7.141 10.039 7.008 25.164 12.335 30 0 16.5206936532281 NA NA NA NA NA NA NA NA NA
50 7.532 8.278 8 0 40 0 14.294 10.5680970813209 NA NA NA NA NA NA NA NA NA
50 7.103 9.334 7.071 25.164 12.5 12.471 0 17.5068165318011 NA NA NA NA NA NA NA NA NA
50 7.103 9.334 7.071 25.164 12.5 12.471 0 17.5081653612756 16.9664019904295 17.5427817882325 16.49682984436 17.0920795189275 NA NA NA NA NA
50 6.797 7.984 6.86 25.164 9.992 0 0 13.0841239201632 NA NA NA NA NA NA NA NA NA
50 10.492 0 7.351 25.164 12.556 12.883 0 13.1394036952822 NA NA NA NA NA NA NA NA NA
50 12.289 9.923 7.447 25.164 11.797 19.017 0 16.8558067343847 NA NA NA NA NA NA NA NA NA
50 12.289 9.923 7.447 26 11.797 19.017 0 16.3009717500985 NA NA NA NA NA NA NA NA NA
50 7.21 10.116 8 26 12.616 19.049 0 16.4048423609756 NA NA NA NA NA NA NA NA NA
50 7.397 10.213 6.623 26 12.028 18.647 0 16.7048524282674 NA NA NA NA NA NA NA NA NA
50 7.397 10.213 6.623 30 12.028 18.647 0 16.5824873314783 NA NA NA NA NA NA NA NA NA
50 11.343 11.455 8 30 20.963 7.513 35 16.8879433212951 NA NA NA NA NA NA NA NA NA
50 9.686 12.438 8 30 10.205 9.33 14.894 16.7698576546887 NA NA NA NA NA NA NA NA NA
50 8.923 7.817 8 0 15.841 30 0 16.2685292200944 NA NA NA NA NA NA NA NA NA
50 10.532 11.433 8 30 18.112 10.668 11.79 16.0488019100093 NA NA NA NA NA NA NA NA NA
50 4.814 10.15 8 30 1.769 9.826 0 15.3318785225484 NA NA NA NA NA NA NA NA NA
50 5.581 9.787 8 30 13.013 9.856 35 16.7853608667103 NA NA NA NA NA NA NA NA NA
50 11.403 10.047 8 9.189 14.366 8.71 35 16.6529058708833 NA NA NA NA NA NA NA NA NA
50 8.38 9.679 8 0.704 40 17.881 35 14.7517571510122 NA NA NA NA NA NA NA NA NA
50 12.023 9.242 3.377 27.544 13.68 7.277 35 14.9981847940872 NA NA NA NA NA NA NA NA NA
50 7.881 10.505 8 20.977 21.516 11.011 35 16.7557196829431 NA NA NA NA NA NA NA NA NA
50 8.467 10.414 8 20.106 12.481 12.59 15.616 16.6389611183371 NA NA NA NA NA NA NA NA NA
50 6.106 14.71 8 22.367 14.579 5.955 35 15.2387332320752 NA NA NA NA NA NA NA NA NA
50 2.176 12.225 8 30 40 19.618 35 15.2883287193232 NA NA NA NA NA NA NA NA NA
50 11.865 8.898 8 30 30.209 11.536 35 16.2364094580273 NA NA NA NA NA NA NA NA NA
50 9.236 9.71 8 23.21 13.782 13.514 18.329 17.2793540704185 NA NA NA NA NA NA NA NA NA
50 9.236 9.71 8 23.21 13.782 13.514 18.329 16.9541360049527 16.6513189642969 16.9233768543701 17.1759057069741 17.3194865881382 NA NA NA NA NA
50 8.898 9.944 8 23.21 13.099 13.592 13.139 17.3115663711893 NA NA NA NA NA NA NA NA NA
50 8.898 9.944 8 23.21 13.099 13.592 13.139 16.2840893827879 16.7389307705565 16.1080818352982 17.0578135083985 17.8790343718919 NA NA NA NA NA
50 20 5.321 2.438 0 20.607 30 0 12.3763908321031 NA NA NA NA NA NA NA NA NA
50 6.372 8.778 8 3.515 17.29 30 35 16.7261718369705 NA NA NA NA NA NA NA NA NA
50 15.398 11.011 8 0 22.503 30 35 15.1411326588403 NA NA NA NA NA NA NA NA NA
50 8.71 9.311 8 19.33 16.952 16.329 35 17.5253606535472 NA NA NA NA NA NA NA NA NA
50 8.69 9.124 8 19.023 16.828 16.707 35 16.4448376555065 NA NA NA NA NA NA NA NA NA
50 0 9.397 8 0 26.669 30 35 14.015516440882 NA NA NA NA NA NA NA NA NA
50 2.454 3.996 8 0 6.587 30 35 14.8956947867126 NA NA NA NA NA NA NA NA NA
50 6.018 8.806 8 30 16.005 30 35 17.0782807979221 NA NA NA NA NA NA NA NA NA
50 7.714 8.947 8 20.868 16.608 30 21.892 17.2368649673325 NA NA NA NA NA NA NA NA NA
50 7.483 9.15 8 20.454 16.399 30 22.582 17.0575929046291 NA NA NA NA NA NA NA NA NA
50 7.299 9.12 8 20.111 16.178 30 23.628 17.4636122429094 16.3336252982288 17.6357514466454 17.0906097125594 16.9361160848621 17.4751361576363 17.2956573829735 17.7697111443773 17.0320811208687 17.0133734757349
