week N P K Na Ca Mg Nx y1 y2 y3 y4 y5 y6 y7 y8 y9 y10
37 2 10 2 25 40 10 5 12.2993843053668 13.0568567189943 12.1184228741751 12.668142850789 13.3224444722999 NA NA NA NA NA
37 20 10 2 25 40 10 10 12.8252181784644 13.3455155331597 12.7287336867187 13.2205034174473 13.7377735341465 NA NA NA NA NA
37 2 20 2 25 40 10 15 12.0474375444728 12.1944098095003 13.3586749798959 12.4360073321095 12.3615954558214 NA NA NA NA NA
37 2 10 5 25 40 10 20 14.0168020285955 15.1770844261936 14.714336671212 14.2785319210114 15.5356856041209 NA NA NA NA NA
37 20 20 2 25 40 10 25 11.2352845916872 11.2983356375003 11.4273714133737 11.0163928300736 12.128691694735 NA NA NA NA NA
37 2 20 5 25 40 10 30 13.5233157563995 13.5567910472182 13.3486804228667 14.2848442452619 15.1816320943797 NA NA NA NA NA
37 20 20 5 25 40 10 35 13.0312971549361 13.1956768970492 12.1690059821511 12.8196235778268 12.8381837043079 NA NA NA NA NA
39 0.5 4.3 5 30 50 15 42 12.9272209283154 13.3140721237279 12.3912017465476 NA NA NA NA NA NA NA
39 5 0 5 30 50 15 78 10.3810245215148 10.2848785462074 10.2702516509548 NA NA NA NA NA NA NA
39 1 5 5 25 40 10 42 13.0534181864077 14.0283834799305 13.4118843115427 NA NA NA NA NA NA NA
39 10.6 17.3 2.95 25.6 43.8 10.3 48.5 13.0033506656723 NA NA NA NA NA NA NA NA NA
39 14.4 1.4 3.7 25.2 40.66 12.9 39.34 14.3529370654557 NA NA NA NA NA NA NA NA NA
39 1.07 15.72 3.6 28.1 43.45 14.31 62 13.1692286038012 NA NA NA NA NA NA NA NA NA
39 3 3.5 4.67 27.22 45.6 11.75 30.2 13.3123016868466 NA NA NA NA NA NA NA NA NA
39 19.4 9.8 4 27.5 47 12.6 16.15 13.8699668952647 NA NA NA NA NA NA NA NA NA
39 5.5 19.4 4.4 28.8 50 13.7 8.5 13.9010318522088 NA NA NA NA NA NA NA NA NA
39 12.56 13.6 2.6 29.9 41.4 12 36 13.49235882332 NA NA NA NA NA NA NA NA NA
39 7.2 4.37 2.34 29.3 48.5 10.7 53.3 12.9981740007544 NA NA NA NA NA NA NA NA NA
39 15.3 12 4.9 28.3 42.2 11.16 68 15.0999754712933 NA NA NA NA NA NA NA NA NA
39 16.6 6.6 3.2 26.3 47.8 13.38 77.43 14.6550142972403 NA NA NA NA NA NA NA NA NA
40 18 5 5 10 35 10 40 14.1495960161184 NA NA NA NA NA NA NA NA NA
40 36 10 10 20 70 20 80 13.233207258609 NA NA NA NA NA NA NA NA NA
40 80 30 30 20 70 20 20 7.5141768045902 NA NA NA NA NA NA NA NA NA
40 40 20 20 10 50 20 40 11.2617398833445 NA NA NA NA NA NA NA NA NA
40 4 1 2 3 2 1 3 9.89914647712045 NA NA NA NA NA NA NA NA NA
40 15 1 5 8 9 9 20 14.6579132603316 NA NA NA NA NA NA NA NA NA
40 15 1 5 8 9 9 30 14.9371513160433 NA NA NA NA NA NA NA NA NA
40 15 1 5 8 9 9 80 14.9128682369015 NA NA NA NA NA NA NA NA NA
40 15 3 5 8 9 9 80 16.2480104681139 NA NA NA NA NA NA NA NA NA
40 15 5 5 8 9 9 80 16.166086861125 NA NA NA NA NA NA NA NA NA
40 25 5 5 8 9 9 40 15.7003236072779 NA NA NA NA NA NA NA NA NA
40 25 5 5 8 9 9 60 16.3949853029031 NA NA NA NA NA NA NA NA NA
40 25 5 5 8 9 9 70 16.6100246089383 NA NA NA NA NA NA NA NA NA
40 25 5 5 8 9 9 100 16.0601372805449 NA NA NA NA NA NA NA NA NA
41 30 10 10 10 10 10 50 15.5346953122542 NA NA NA NA NA NA NA NA NA
41 30 5 10 10 10 10 70 15.3625107497496 NA NA NA NA NA NA NA NA NA
41 35 2 5 10 10 10 70 14.7891787291324 NA NA NA NA NA NA NA NA NA
41 25 9 5 10 10 6 65 14.6827906726671 NA NA NA NA NA NA NA NA NA
42 27 9.2 20 15 20 9 50 14.4111592388246 13.7657378001465 13.3752515768849 NA NA NA NA NA NA NA
42 27 9.2 7 10 20 9 60 13.9502628500753 14.9209470024207 14.551684568613 NA NA NA NA NA NA NA
44 47.7 19.2 19.8 23.4 36 17.5 74.3 10.7668678569144 11.2683496148973 10.8977967595818 NA NA NA NA NA NA NA
44 47.596 19.2 19.89 23.4 36 17.48 73.96 11.8829843450978 12.0340565727341 11.427741771263 NA NA NA NA NA NA NA
44 40 25 5 5 9 9 60 11.1393748565654 NA NA NA NA NA NA NA NA NA
44 40 25 5 5 9 9 70 11.0283617048358 NA NA NA NA NA NA NA NA NA
44 15.277 8.48 9.79 16.98 2 15.012 48.08 15.9946100605714 16.8357680635161 16.1265233660015 NA NA NA NA NA NA NA
44 3.71 15.15 18.63 27.57 50.64 13.33 14.35 13.7520420283162 14.6165523382445 14.2722320265187 NA NA NA NA NA NA NA
44 20.585 7.352 4.164 6.633 2 13.62 75.36 15.9350073139188 16.004602313933 15.116228539172 NA NA NA NA NA NA NA
44 17.68 6.272 8.447 17.447 2 10.265 57.813 16.4087626179908 16.1933800458891 16.712451157931 NA NA NA NA NA NA NA
44 25 40 35 40 60 55 80 8.78755139527501 NA NA NA NA NA NA NA NA NA
46 20 5 10 15 1 12 45 14.9811798311562 15.7211636475309 15.1679108728979 14.9776299503886 15.5108692252744 NA NA NA NA NA
46 10.42 12.04 11.38 25.4 22.65 13.7 51.6 16.8651082430656 15.7840936232506 16.3516519164576 NA NA NA NA NA NA NA
46 20.24 4.32 3.46 15 1 15.2 75 15.3519377989114 14.7174409662505 14.9126747130421 NA NA NA NA NA NA NA
46 4.2 15.8 13.2 15.77 1 10.5 50.15 14.6565221176673 13.9488945519655 14.6418497127745 NA NA NA NA NA NA NA
46 13.48 10.2 11 25.7 30 13.3 42.25 17.2623235314729 16.2144276744772 16.3105867938077 NA NA NA NA NA NA NA
46 13.433 10.185 10.943 25.515 29.611 13.197 43.066 16.6017030054925 15.5940043136957 16.1939579655383 NA NA NA NA NA NA NA
46 13.39 10.027 10.641 23.268 25.606 12.933 49.616 15.8133418434145 16.1064506721314 15.5277982692381 NA NA NA NA NA NA NA
46 4.88 14.4 11.6 37.79 25.22 12.012 15.34 16.1892629026511 NA NA NA NA NA NA NA NA NA
46 9.31 12.54 11.23 32.13 29.17 13.8 26.81 15.4761986215021 16.4264314788202 NA NA NA NA NA NA NA NA
46 10.48 11.58 11.22 30.47 29.1 10.8 38.6 16.1290185565118 16.3945483246225 NA NA NA NA NA NA NA NA
46 20.06 5.32 7.7 5.96 1 7.6 85.64 16.4851951559021 15.8207166428965 NA NA NA NA NA NA NA NA
46 10.78 11.43 11.04 29.3 27.66 11.81 38.37 16.0409239924829 15.9496314044908 NA NA NA NA NA NA NA NA
46 10.87 11.43 10.92 28.19 27.26 13.03 37.95 15.9822764954033 16.1252458353799 16.1032523639108 NA NA NA NA NA NA NA
46 18.97 6.144 7.788 9.73 1 8.927 78.537 16.259363205045 15.3108102922392 15.9777914661727 NA NA NA NA NA NA NA
48 10.76 11.51 1098 27.96 26.4 13.83 35.5 0.332014034296132 1.63379402509631 0.930027269293122 NA NA NA NA NA NA NA
48 10.76 11.51 10.98 27.96 26.4 13.83 35.5 16.2439197432273 16.5530746179631 16.2809492246438 NA NA NA NA NA NA NA
48 10.25 11.8 11.11 27.7 25.16 14.24 33.55 16.3030442790208 16.1189399122296 15.8501393408778 NA NA NA NA NA NA NA
48 0.5 28.28 13.58 34.8 28.27 24.41 6.63 13.112395242096 NA NA NA NA NA NA NA NA NA
48 10.856 11.45 11.13 27.94 26.67 13.047 37.34 15.9410695711317 16.626663092103 16.4990221238112 NA NA NA NA NA NA NA
48 10.73 11.53 11.15 28.11 26.55 13.08 35.56 16.0365066876059 16.2559344403687 16.0310377557494 NA NA NA NA NA NA NA
48 11.24 11.03 10.99 27.83 26.53 13.06 38.92 16.4270503775504 16.6156897863497 15.938009662453 NA NA NA NA NA NA NA
48 11.32 11.02 2.27 27.34 25.55 12.71 39.58 14.1754868191626 14.1226417323821 13.4984861804586 NA NA NA NA NA NA NA
48 10.18 11.63 2.29 29.23 30.9 11.98 36.58 14.3935185337754 15.0093115534511 13.9831586222204 NA NA NA NA NA NA NA
48 9.39 12.13 2.29 30.42 31.2 11.51 36.63 14.2796640882573 14.6003516166441 13.9183070304974 NA NA NA NA NA NA NA
48 8.77 12.39 2.28 31.34 32.04 10.81 35.62 14.7680345284137 NA NA NA NA NA NA NA NA NA
48 12 9 11 28 28 11 42.25 16.7176349454384 17.1840482458248 17.1658805016089 NA NA NA NA NA NA NA
48 9.28 10.76 2.28 40 42.13 2.25 35.62 13.9502153170762 13.1546637089798 13.8982034166846 NA NA NA NA NA NA NA
48 10 7 13 30 26 9 40 16.1499291197675 16.3076636428286 17.3339190557049 NA NA NA NA NA NA NA
49 10.95 8.82 2.31 31.53 27.35 6.66 40.47 14.5585568101459 13.6246453452252 13.5332172317198 NA NA NA NA NA NA NA
49 9.95 9.62 2.32 32.77 31.95 6.89 38.14 14.5545426306758 14.8443842151482 13.7520805664807 NA NA NA NA NA NA NA
49 9.9 9.55 2.32 32.34 30.91 6.74 38.42 13.8951672753424 14.6225710444041 13.9169787659948 NA NA NA NA NA NA NA
49 10.17 9.48 2.32 33 35.54 7.05 38.28 14.0658182978033 14.0608766135782 14.1846100975175 NA NA NA NA NA NA NA
49 8 8 2.32 40 32 4 38.28 14.4382265598544 13.8475201722952 14.3283793798319 NA NA NA NA NA NA NA
49 10 7 11 32 24 7 42 16.5176927809535 16.700026061429 17.0817594211586 NA NA NA NA NA NA NA
49 9 6 11 35 22 5 42 16.9309536061082 16.3410861379366 16.3486156096837 NA NA NA NA NA NA NA
49 8 5 9 38 20 4 42 15.7727472183326 15.884021338669 16.9288496988909 NA NA NA NA NA NA NA
49 9.95 9.53 2.32 32.61 31.95 6.64 38.38 14.1641550980376 14.6145199813886 13.7774794241052 NA NA NA NA NA NA NA
49 31.65 36.36 19.86 13.9 34.23 32.32 34.73 10.395972548835 10.4912459087724 10.3536247177511 NA NA NA NA NA NA NA
49 44.46 20.74 61.9 21.77 36.24 28.43 51.99 8.08133199789581 7.80673106861651 7.96642398713593 NA NA NA NA NA NA NA
49 55.21 15.87 38.42 22.65 33.36 40.4 53.53 9.0004543073026 9.98390996783077 10.1771602290002 NA NA NA NA NA NA NA
49 8.93 8.46 2.6 38.7 29.2 5.86 36.09 14.1658040668334 15.0849103987494 15.0779092164586 NA NA NA NA NA NA NA
49 9.67 8.12 2.58 40 29.51 7.34 33.05 15.9294521661413 15.0992448101272 14.4575576009128 14.6850120924976 14.4027701133079 NA NA NA NA NA
49 9 6 12.3 28.87 24.88 8.08 38.8 16.4804209400245 15.8547529417868 17.0026630168625 NA NA NA NA NA NA NA
49 8.4 5.39 11.88 28.2 24.2 7.54 38.09 16.2059240449565 16.6682034338249 16.5374635759142 NA NA NA NA NA NA NA
49 9.411 7.4 11.18 31.01 24.95 8.81 40 16.6067723130807 16.2341814024016 15.9094166760348 NA NA NA NA NA NA NA
49 10 7 11 30 26 9 40 16.3085746597752 16.7848862329344 NA NA NA NA NA NA NA NA
50 11.69 6.68 2.54 43.7 31.37 7.93 25.07 14.9080735783888 14.884229621646 14.6126674627448 14.8878151583395 14.4693777731015 15.1621014209666 15.082434623713 14.8763468509957 15.6734802598325 14.8452270917101
50 10.75 7.2 2.53 47.77 33.8 8 22.8 14.102865024567 NA NA NA NA NA NA NA NA NA
50 1.64 7.04 2.54 43.76 31.36 8 26.95 13.7084939007783 NA NA NA NA NA NA NA NA NA
50 7.37 7.48 3.98 33.98 21.17 6.92 41.26 16.2770381450574 16.4629105072736 16.4827306354509 NA NA NA NA NA NA NA
50 9.62 7.07 11.71 30.67 25.31 8.7 40.18 16.7260351752592 16.2573268053836 17.1018775873736 NA NA NA NA NA NA NA
50 8.5 7.28 7.85 32.27 23.24 7.81 40.71 16.7224512353713 16.5645927480972 16.8718412271689 NA NA NA NA NA NA NA
50 6.4 7.83 9.75 36.19 17.59 7.37 43.27 17.0016209880933 16.7082286474696 15.6305102642765 16.2399111776891 17.4464719657281 17.2227206454548 17.0974591081747 16.914168894319 16.5616990926175 17.2289683133987
