week N P K Na Ca Mg Nx y1 y2 y3 y4 y5 y6 y7 y8 y9 y10
37 2 10 2 25 40 10 5 12.987976154781 12.5251256439414 12.6461342306192 13.0124474312703 12.7408969719824 NA NA NA NA NA
37 20 10 2 25 40 10 10 13.4897677934952 12.3362242940677 12.7073749638661 12.0994178920943 13.4818491134757 NA NA NA NA NA
37 2 20 2 25 40 10 15 11.8330338009793 11.264177839444 12.1075535214317 12.5541629934364 11.8849949733755 NA NA NA NA NA
37 2 10 5 25 40 10 20 14.7513399688917 14.2199080552674 14.7964463980962 15.5159142732008 14.4998248331088 NA NA NA NA NA
37 20 20 2 25 40 10 25 11.9371840817698 12.0215897023745 11.2101434421063 12.2063302974635 11.6208190620539 NA NA NA NA NA
37 2 20 5 25 40 10 30 14.1814569653394 13.5823306745033 13.4397275728903 14.7584138578189 13.6073758112545 NA NA NA NA NA
37 20 20 5 25 40 10 35 13.1274305077592 13.5375712953334 12.9030766676487 12.6740869326931 13.1957191467348 NA NA NA NA NA
39 11 15 3.5 25 40 10 20 13.5734722806975 13.9042963239622 13.5990749556581 12.7428924632679 14.1215036113984 NA NA NA NA NA
39 8.75 12.3 4.61 25 40 10 20 15.1205639868238 14.9900957805097 14.3107013843097 15.0639002579985 14.7261336814679 NA NA NA NA NA
39 2 4.2 6.75 25 40 10 20 13.8728287094612 15.1553568870744 13.8171023029261 13.2792375020004 13.7825565790359 NA NA NA NA NA
39 4.25 6.89 6.12 25 40 10 20 15.2032598664464 14.5006417507972 15.5433406882584 15.3849268643956 15.6353514624617 NA NA NA NA NA
39 12.86 9.6 5.13 25 40 10 30 15.4954031549371 NA NA NA NA NA NA NA NA NA
39 6.5 17.24 5.13 25 40 10 30 13.5334222721465 NA NA NA NA NA NA NA NA NA
39 6.5 9.6 7.4 25 40 10 30 15.9348598168724 NA NA NA NA NA NA NA NA NA
39 0.13 9.6 7.4 25 40 10 30 14.3636306347874 NA NA NA NA NA NA NA NA NA
39 6.5 1.96 5.13 25 40 10 30 13.5028907053957 NA NA NA NA NA NA NA NA NA
39 6.5 9.6 2.83 25 40 10 30 13.2613326528728 NA NA NA NA NA NA NA NA NA
39 6.5 9.6 5.13 25 40 10 30 15.1761120778527 NA NA NA NA NA NA NA NA NA
39 10.06 10.98 7.26 25 40 10 30 15.6539729378528 NA NA NA NA NA NA NA NA NA
39 10.06 10.98 8 25 40 10 30 15.3011216710835 NA NA NA NA NA NA NA NA NA
39 10.06 10.98 8 25 40 10 35 15.8153091257659 NA NA NA NA NA NA NA NA NA
39 10.06 10.98 8 25 40 10 40 15.5703218809977 NA NA NA NA NA NA NA NA NA
40 10.06 10.98 8 0 40 10 35 13.8038337288676 NA NA NA NA NA NA NA NA NA
40 10.06 2 9.5 25 40 10 35 15.7411322428592 15.3521865190363 NA NA NA NA NA NA NA NA
40 10.06 10.98 13 25 40 10 35 15.8041078866078 15.2059177437151 NA NA NA NA NA NA NA NA
40 10.9 20.06 14.51 25 40 10 35 13.5495362694764 NA NA NA NA NA NA NA NA NA
40 19.1 24.96 18.61 25 40 10 35 12.20929124739 NA NA NA NA NA NA NA NA NA
40 11.45 22 15.92 25 40 10 35 12.7494065594897 NA NA NA NA NA NA NA NA NA
40 11.45 10 15.92 25 40 10 35 16.1458553138999 NA NA NA NA NA NA NA NA NA
40 11.45 10 13 25 40 10 35 15.7268225795319 NA NA NA NA NA NA NA NA NA
40 11.45 10 18 25 40 10 35 15.2423632472423 NA NA NA NA NA NA NA NA NA
40 13 10 15.92 25 40 10 35 14.8350640029087 NA NA NA NA NA NA NA NA NA
41 7.547 9.109 6.5 10.1 28.7 2.51 11.8 14.6091388946626 14.3873415158919 NA NA NA NA NA NA NA NA
41 7.547 9.109 6.5 23.56 14.98 4.89 7.23 16.3173644243678 15.9695033961823 NA NA NA NA NA NA NA NA
41 13.51 8.97 7.26 25.05 26.15 7.42 15.24 15.6632901438726 17.3101059473164 NA NA NA NA NA NA NA NA
41 8 9 7 23.05 18.69 7.42 14 16.3043762776896 16.7092870108278 NA NA NA NA NA NA NA NA
41 13.75 9.2 7.5 24 22 8.1 16.1 15.9324133601804 16.2681486412008 NA NA NA NA NA NA NA NA
41 7.7 9.05 7.1 16.5 16.75 15.8 16.2 16.926011325384 NA NA NA NA NA NA NA NA NA
41 7.9 9.1 7.2 19.68 20.1 17.9 18.7 16.5127462272439 NA NA NA NA NA NA NA NA NA
41 9.8 9.3 7.05 22 15.96 16.13 14.13 16.8597167048443 NA NA NA NA NA NA NA NA NA
42 15.06 15.77 13.4 25.05 38 10.205 29 14.4076707378127 14.2449147123785 14.5901654920984 NA NA NA NA NA NA NA
42 20 26 11.3 23.4 36 11 22.5 12.7532439386267 12.6068550368169 NA NA NA NA NA NA NA NA
42 12.95 23.78 2 24 42 9.5 13.4 11.7808958220471 11.6021303366505 NA NA NA NA NA NA NA NA
42 13.29 22.8 2 25.5 43 14.78 19.56 11.6968015237165 11.3081390642867 NA NA NA NA NA NA NA NA
42 8.36 9.32 7.05 21.88 19.6 13.2 13.91 16.4937123292414 17.0841886002248 NA NA NA NA NA NA NA NA
42 12.05 21.7 1.58 19.4 43.11 12.02 20.9 10.7933317882765 NA NA NA NA NA NA NA NA NA
42 13.76 22.9 2.6 15.9 37 12.6 22.7 11.4664241968022 NA NA NA NA NA NA NA NA NA
42 8.03 9.97 10.98 26.14 33.53 8.34 15.39 16.5303151480467 NA NA NA NA NA NA NA NA NA
43 20.49 26.6 19.03 1 14.28 2.12 4.13 11.1653243625561 11.6726849454648 NA NA NA NA NA NA NA NA
43 21.3 27.22 2.3 3 13.3 1 43.2 10.3591556174593 10.0890659689904 NA NA NA NA NA NA NA NA
43 9.96 6.72 10.95 18.94 25.18 12.8 17.24 17.3197767250494 16.6865827209463 NA NA NA NA NA NA NA NA
43 8.78 7.79 9.8 20.82 23.89 12.18 16.76 16.2190407884749 16.3856314683485 NA NA NA NA NA NA NA NA
43 9.76 8.84 8.61 24.08 19.92 15.1 8.11 16.8400448538373 17.410612627848 NA NA NA NA NA NA NA NA
43 9.5 8.4 8.5 26.8 19.9 17.2 8.1 17.1436235276114 17.342490804616 NA NA NA NA NA NA NA NA
43 9.75 8.8 8.7 29.5 19.7 18.1 8.2 17.6690313620172 17.2045747248697 NA NA NA NA NA NA NA NA
43 9.8 8.89 8.75 31 19.4 21.1 8 17.7281343765389 17.4718201706663 NA NA NA NA NA NA NA NA
43 9.9 9.04 8.78 34 20.69 23 7.7 17.1144902574869 17.5218078014337 NA NA NA NA NA NA NA NA
44 9.6 8.5 8.42 32.5 20 19.5 8.5 16.9788014925393 16.5713962600196 17.0152274481721 17.1427996197275 16.9984346182468 17.4372041618551 16.9689364128785 16.8085505660846 17.601517206062 17.2944271513311
44 9.85 8.6 8.5 31.4 21.5 21.3 14 16.9505745956301 17.3893441392385 16.9210763902618 16.7606905434679 17.5536571834454 NA NA NA NA NA
45 9.68 9.58 9.5 24.3 18 25.2 0.82 16.8350871915996 17.4798920990283 17.2906368971765 NA NA NA NA NA NA NA
45 9.82 8.86 8.74 33 19.5 21 8.3 16.7371603154184 17.6417636820248 NA NA NA NA NA NA NA NA
45 9.8 8.89 8.75 37.07 20.92 16.46 9.14 17.0689514015037 16.9715745111936 NA NA NA NA NA NA NA NA
45 9.8 8.89 8.75 35.58 19 17.24 11.21 17.1293600490254 17.4594349508696 NA NA NA NA NA NA NA NA
45 9.8 8.89 8.75 24.9 18.5 23.5 12.04 16.7922802547318 17.0862457903064 NA NA NA NA NA NA NA NA
45 9.26 9.9 9.19 28.53 18.8 19.02 0.2 16.4109101485157 16.9628789803309 NA NA NA NA NA NA NA NA
45 8 24.21 15.31 8.05 23.69 11.76 21.97 13.0092985154105 14.2612936238506 NA NA NA NA NA NA NA NA
45 13.56 21.75 4.39 14.59 17.12 20.21 17.51 14.4413160315891 NA NA NA NA NA NA NA NA NA
45 12.52 23.02 16.9 22.65 20.5 16.91 7.15 13.0102521768731 NA NA NA NA NA NA NA NA NA
45 14.44 8.4 0.79 4.58 20.68 17.97 26.36 10.4531161267723 NA NA NA NA NA NA NA NA NA
45 10.29 20.3 0.7 31.42 16.7 4.26 27.4 11.0891335682124 NA NA NA NA NA NA NA NA NA
45 8.75 11.29 7.96 27.2 11.62 21.49 9.54 16.7412108984233 NA NA NA NA NA NA NA NA NA
46 20.18 16.31 15.26 35.78 28.6 24.29 32.61 14.7039935213278 13.5777735474658 NA NA NA NA NA NA NA NA
46 15.9 16.64 11.35 35.49 30.82 18.52 27.96 14.8155014940217 14.9199289349556 NA NA NA NA NA NA NA NA
46 14.7 18.46 18.72 28.47 30.36 19.43 22.84 13.7819864820166 NA NA NA NA NA NA NA NA NA
46 9.65 7.7 11 27.8 19.49 20 10.95 17.1582116070559 NA NA NA NA NA NA NA NA NA
46 9.82 4 10.8 30.6 19.2 21.2 8.8 16.3025434430986 NA NA NA NA NA NA NA NA NA
46 7.28 5.87 0.32 39.26 14.46 0.1 6.07 9.99044881291085 NA NA NA NA NA NA NA NA NA
46 9.72 7.04 8.81 27.14 3.56 18.99 9.98 16.6819899802694 NA NA NA NA NA NA NA NA NA
46 12.59 8.08 11.2 9.4 13.73 9.04 31.18 17.2614832983828 NA NA NA NA NA NA NA NA NA
46 1.26 15.04 9.51 1.59 5.21 25.7 18.49 15.9673139880526 NA NA NA NA NA NA NA NA NA
46 19.31 8.09 15.52 25.43 2.92 19.4 8.93 14.6005062984906 NA NA NA NA NA NA NA NA NA
47 9.14 14.03 10.59 5.89 0.91 15.68 17.91 14.943591129894 15.3002947703876 NA NA NA NA NA NA NA NA
47 9.9 7.1 7.58 29.65 21.01 20.52 7.58 16.7770622392098 17.5058186209188 NA NA NA NA NA NA NA NA
47 9 11 8.6 13.6 8.45 25.7 43.2 17.2142893038048 16.660382253851 NA NA NA NA NA NA NA NA
47 10.59 7.4 8.76 39.26 21.1 25.7 3 17.3127190900361 NA NA NA NA NA NA NA NA NA
47 1 7.6 9.98 29.54 21.1 25.7 6.75 15.272631072937 NA NA NA NA NA NA NA NA NA
47 11.9 4.07 9.18 28.43 21.1 25.7 3 16.9087022211285 NA NA NA NA NA NA NA NA NA
47 11.96 5.91 9.28 28.89 22.1 28.38 3.5 17.132050442144 17.3400021911763 NA NA NA NA NA NA NA NA
47 11.24 6.99 8.7 28.31 21.1 31.23 1.98 17.9499700758359 17.073799730276 NA NA NA NA NA NA NA NA
48 11.5 9.4 7.9 43.19 22.01 34.34 2.35 17.1658679479599 17.1387539631199 17.8806771525778 NA NA NA NA NA NA NA
48 11.22 9.1 7.22 47.5 22.01 37.76 31.72 17.0683653836945 16.9296163527059 16.7084888775943 NA NA NA NA NA NA NA
48 14.21 8.33 7.44 35.61 21.87 36.05 7.96 16.5965542509495 16.8732121218601 17.3311185722967 NA NA NA NA NA NA NA
48 13.34 5.86 12.08 19.79 15.64 15.35 45.86 18.1584559064545 16.7869911557008 16.9757640677866 NA NA NA NA NA NA NA
48 10.45 9.29 7.71 34.71 22.19 29.96 4.78 16.8262567658774 17.4962100874806 NA NA NA NA NA NA NA NA
48 11.66 8.64 7.83 43.13 20.9 33.96 0.65 17.1788702440424 17.516979317596 NA NA NA NA NA NA NA NA
49 15.02 4.5 17.9 0.25 19.26 17.01 48.14 15.2898677546689 16.3855711805482 NA NA NA NA NA NA NA NA
49 12.12 7.54 9.32 29.27 18.07 25.69 28.1 17.7441409804518 17.4853111404632 NA NA NA NA NA NA NA NA
49 12.79 7.01 9.67 28.41 17.76 25.85 31.1 17.582915298336 17.599354832277 NA NA NA NA NA NA NA NA
49 6.31 7.65 14.2 32.4 8.39 34.28 41.34 16.6108095919228 16.3406399537922 NA NA NA NA NA NA NA NA
49 11.525 7.341 10.379 27.573 15.869 28.187 34.8 16.7102842322585 17.3633864810828 NA NA NA NA NA NA NA NA
49 10.62 8.2 9.667 29.34 16.041 25.4 30.84 17.4609784354214 16.8218133196659 NA NA NA NA NA NA NA NA
49 17.51 15.92 15.21 33.16 28.85 33.84 46.12 14.0390769431941 14.5735347010597 NA NA NA NA NA NA NA NA
49 7.627 7.07 16.78 26.34 8.54 1.69 44.87 14.833905906474 15.082106489188 NA NA NA NA NA NA NA NA
49 3.35 19.86 8.24 37.42 4.55 36.95 30.5 14.2954530967612 14.8377245257643 14.840416753695 14.8867843295574 NA NA NA NA NA NA
50 11.428 7 9 26.39 2.15 31 38.39 15.7393666082499 NA NA NA NA NA NA NA NA NA
50 7.42 7 9 31.79 24.29 31 25.02 17.6142426902009 NA NA NA NA NA NA NA NA NA
50 19.28 7 9 40.84 30.83 31 39.5 17.0354755661625 NA NA NA NA NA NA NA NA NA
50 14.779 7 9 7.58 5.89 31 53.44 16.7262670671289 NA NA NA NA NA NA NA NA NA
50 5.36 7 9 37.11 16.2 31 31.99 16.7402290099947 NA NA NA NA NA NA NA NA NA
50 10.3 7 9 26.97 1.5 31 54.5 15.7762077257418 NA NA NA NA NA NA NA NA NA
50 7.68 7 9 22.65 13.35 31 39.13 16.9156156847638 NA NA NA NA NA NA NA NA NA
50 11.78 6.64 10.81 25.12 16.22 23.17 39.43 17.0297812071509 NA NA NA NA NA NA NA NA NA
50 12.85 6.22 11.29 22.92 21.72 27.03 39.43 16.8886260088298 17.0385798669021 16.9847825273549 16.8966806357578 17.1974730996335 17.8340243712677 16.7019657882136 17.8594637604937 16.4638976184712 17.3117249827966
