week N P K Na Ca Mg Nx y1 y2 y3 y4 y5 y6 y7 y8 y9 y10
37 2 10 2 25 40 10 5 13.4412647880202 12.9652277399211 13.2463269324334 12.5153733926557 12.7081333955525 NA NA NA NA NA
37 20 10 2 25 40 10 10 14.5675245836268 12.4492087987879 13.428224802092 12.1850516844726 12.876185447928 NA NA NA NA NA
37 2 20 2 25 40 10 15 12.0514091914087 12.4231956075579 12.6360286267356 11.915707978815 11.7900353390152 NA NA NA NA NA
37 2 10 5 25 40 10 20 15.1067427785036 15.0033462611472 14.2945682581262 15.4261210067655 15.1199670292241 NA NA NA NA NA
37 20 20 2 25 40 10 25 11.6320131164546 11.5598422889011 10.7321831157351 11.4464684028921 12.2017151732156 NA NA NA NA NA
37 2 20 5 25 40 10 30 14.4506393122955 13.5431046862537 13.7317525679513 14.1486201711054 14.8235844911853 NA NA NA NA NA
37 20 20 5 25 40 10 35 13.6954217003276 12.1628535285857 13.1513347790477 12.7672514263362 13.141391800912 NA NA NA NA NA
40 10.3477 13.421197 4.182543 14.799174 26.296619 8.663758 5.027011 14.9466436891614 14.4515528896768 14.2700250976525 14.5147531589277 14.5943977756037 14.486058805977 14.4729219352972 14.5419942391917 14.3387511189567 14.3983592157012
40 10.35734 11.841145 4.865087 2.899059 33.028985 1.873285 23.409278 12.5980996700922 12.4897607004655 12.4766238297857 12.5456961336802 12.3424530134452 12.4020611101897 12.6249368460945 12.2490653871367 13.0482891583864 12.904417165073
40 11.12167 10.113496 5.547633 22.774252 5.636476 5.558679 34.836427 16.509493383336 15.5514531027663 15.9861108303299 16.60440128302 16.7668113986031 15.3587497899417 16.1869903441233 15.666404969008 15.9852244853268 16.5337071852899
40 12.91565 8.020739 6.230179 8.964947 14.872377 4.065238 14.759649 16.440310109589 15.0322485009276 15.8604890551092 15.3399036799939 15.6587231963127 16.2072058962758 15.5498287541633 16.2609897175825 16.3320034538108 15.6949507511716
40 14.782505 8.2983224 23.02832 6.230179 4.009849 1.684853 9.757191 13.0878512548711 13.3492714864104 13.6277106096013 13.660467262971 12.9409049909399 12.9510409409219 12.7429013439995 13.1452260268824 13.0406666007759 12.9032323461869
40 24.467559 12.816153 6.230179 20.80237 9.6826954 6.33916 12.925479 14.6185058209189 14.6641058095999 14.6910705895714 15.0418164225209 14.394402537758 15.4990512184358 15.080187897951 14.8999069147395 15.1599410115542 14.5016937379128
40 8.963254 11.621936 8.345268 29.10474 0 30.51295 12.925479 12.0657697605571 13.170418441235 12.7515551207502 12.5712741375386 12.8313082343534 12.1730609607119 12.1983838901006 13.5921703234126 12.5512183524506 12.6792376789369
40 0 0 0 0 0 0 0 5.79919130533246 NA NA NA NA NA NA NA NA NA
40 22.50294 19.73572 21.20589 21.16891 34.3158 23.84296 31.33469 12.6168091172268 12.3171203177643 NA NA NA NA NA NA NA NA
40 15.99175 13.91947 13.46886 24.65224 37.07474 18.5139 24.76182 14.8242693989224 15.1135889462162 NA NA NA NA NA NA NA NA
40 14.47087 15.46184 16.83982 25.9056 24.73059 22.12918 27.96607 14.9701650428046 14.8386087256835 NA NA NA NA NA NA NA NA
40 20.02708 10.94493 19.4552 15.83648 28.08673 28.06114 18.84399 15.3928754658868 14.4743817933261 NA NA NA NA NA NA NA NA
43 13.430918 1 11.76833 16.255043 18.568729 1.525647 33.25 13.7844037059181 13.6015787473971 14.0272187797986 14.0357372144182 14.0321733684683 14.0900479070201 13.6735457196045 13.5434022636369 13.8549411973549 13.4874873234834
43 1.223378 10.882802 10.709597 16.87338 16.25474 1.525647 33.25 14.52387496081 14.5817494993619 14.1652473119462 14.0351038559787 14.3466427896966 13.9791889158251 14.1460128527245 14.3852382840279 14.1186902179691 14.3514080029747
43 20.510757 8.869302 4.152132 13.69629 7.24223 3.050192 22.581658 14.9347262918772 14.5672724180057 14.7340963549051 14.9733217862084 14.7067737201497 14.9394915051552 15.1005164818564 14.5379449788235 14.4670291497886 15.0594007968395
43 13.211692 7.71741 13.508374 4.699254 2 15.485531 11.533975 15.7550271181764 15.9877449031819 16.1487698798831 15.5861983768502 15.5152825478153 16.1076541948661 16.2803473004361 16.1051263525106 15.7075710732448 15.8801244517112
43 11.348201 1 7.032735 17.48756 2 7.932518 7.25231 14.5218787641231 14.2850747382616 14.4384074052421 14.3077268813482 14.4239096682954 14.7483210565231 14.2052769539497 14.9428649815873 13.9808286962273 14.0354853148005
43 15.72701 10.37724 11.34193 15.86735 14.57098 11.00865 15.79006 16.0467894873626 16.3824585519242 15.6016149514194 16.4635353475888 16.0846535028136 16.0969986778611 15.6220104861881 16.2510840507155 16.1906107649571 16.4363559292617
43 13.762752 9.232375 8.363141 14.455768 5.689932 8.116302 16.680162 16.5579572726399 16.0829690809669 16.7120426454944 16.6515693597359 16.8973145240405 16.2819912434699 16.3536664346589 16.8119215108132 16.2506271753827 16.6349449542844
43 13.82685 9.269402 8.332204 14.762506 6.919401 7.517324 14.89287 16.8796872760002 16.2643639954295 16.3360391866185 16.7942942627729 NA NA NA NA NA NA
43 13.787233 9.299958 8.317977 14.922016 6.528798 7.217989 13.960251 16.199262959048 16.5835807379497 16.0728537883323 16.8237550544614 NA NA NA NA NA NA
43 8.735077 10.354415 6.397041 25.022494 26.225289 19.297441 36.75 16.5826309934827 16.4066389310412 16.2140249821176 16.2112543250827 15.9439388751593 16.5779892308525 16.3735137584174 16.3175967855978 16.8726115231096 16.1729336941069
43 10.766716 10.794513 7.159042 22.139741 17.923085 11.69026 26.560471 16.0208739955485 16.6549243512417 16.4504488788066 16.394531905987 16.9495466434988 16.2498688144961 16.843748400315 16.2296370034428 16.2253645928865 15.935343200687
43 7.695945 11.879178 6.360211 30.559977 29.646465 8.935749 38.5875 16.398223334408 15.6985455054054 16.2924250912243 15.6783136943521 15.6740412837958 15.3840198915963 15.7485076969085 15.5133141351637 15.5972398262602 16.5885891381815
45 21.144775 8.33162 10.067378 8.688271 0.29984 12.297023 0 14.5218622947797 14.479886686431 14.4014059463791 14.1620134139852 14.2435518991868 14.1086947344619 13.8572870598294 13.6927658683681 14.4336984610866 14.424070692252
45 6.843478 12.134424 14.698966 16.259666 30.783418 36.553252 37.501141 15.7912929625823 NA NA NA NA NA NA NA NA NA
45 33.38009 27.28518 31.41659 41.69172 54.57036 41.62757 52.64334 9.99114875237606 10.3761511888463 NA NA NA NA NA NA NA NA
45 8.860185 7.242394 8.339008 11.06637 14.484788 11.049341 13.973294 17.2676133360417 16.9597681440684 NA NA NA NA NA NA NA NA
45 17.9355 14.66064 16.88049 22.40144 29.32128 22.36697 28.28587 14.2659047524338 14.6852502880033 NA NA NA NA NA NA NA NA
45 19.95073 16.3079 18.77718 24.91846 32.61581 24.88011 31.46406 14.0554829091003 13.6647995820442 NA NA NA NA NA NA NA NA
45 44.75542 36.58347 42.1228 55.89951 73.16695 55.81349 70.58324 8.45316570330218 7.91138221208095 NA NA NA NA NA NA NA NA
45 37.93759 31.01052 35.70601 47.38404 62.02104 47.31112 59.83092 8.79705816142448 9.06276324589092 NA NA NA NA NA NA NA NA
45 24.65847 20.15605 23.208 30.79843 40.31211 30.75103 38.88859 11.9274521768591 12.1462100196125 NA NA NA NA NA NA NA NA
45 14.46165 11.82109 13.61099 18.0626 23.64217 18.03481 22.8073 15.8560146406043 15.7514228477375 NA NA NA NA NA NA NA NA
45 42.88593 35.05534 40.36328 53.56452 70.11069 53.4821 67.6349 7.89117703455111 8.92621740247489 NA NA NA NA NA NA NA NA
45 9.82329 6.412794 10.474599 11.712953 15.255224 25.11029 19.460043 17.0866095991255 17.4454044208817 17.5170628539858 17.1463939294119 17.5884510387832 17.9658987438008 17.1538510778577 16.8027028321484 16.6387628216106 17.0017784326476
45 9.760629 7.444802 11.058661 13.230074 14.358358 20.561635 20.363204 17.1454290856834 16.5763845350116 17.5350597355031 17.1014344531285 16.5452532123622 16.7647586606592 17.3761883408598 16.273479439667 17.3119441581724 17.1781775878471
45 6.373219 5.965547 10.66958 9.078923 28.999701 31.875377 20.174317 16.2719008314629 16.2619700796321 NA NA NA NA NA NA NA NA
47 40.44029 15.60897 16.92293 32.77895 28.60475 25.33722 35.84991 12.9478160556992 12.760305694459 13.3541294189577 12.1557686366597 12.6734882928691 12.4767929719975 12.2614094770566 11.9381385709132 13.1663603328066 11.9798175752316
47 20.50457 23.05032 10.87756 37.93846 25.95137 32.02145 61.41962 13.426164004537 13.2810300645549 13.7682535953791 13.9688516536251 NA NA NA NA NA NA
47 20.50457 23.05032 10.87756 37.93846 25.95137 32.02145 61.41962 13.6601432782334 13.5903020505631 13.6291916289007 14.0438492074332 NA NA NA NA NA NA
50 8.90132 6.567591 8.947469 16.212228 14.439006 28.47627 26.68535 17.5399670395593 17.3322642399248 16.9298845319005 17.386345937592 NA NA NA NA NA NA
50 5.464032 7.928982 6.549703 21.148445 7.466015 29.861792 37.764286 17.3579320309587 18.3407975976184 NA NA NA NA NA NA NA NA
50 2.740128 8.706078 6.215799 20.81813 3.426679 30.305173 33.970849 15.7300602999126 15.8937648870361 NA NA NA NA NA NA NA NA
50 5.564191 10.168553 6.593947 23.41389 5.990628 29.104183 36.924212 17.0310580182526 NA NA NA NA NA NA NA NA NA
50 7.34817 6.621971 7.656249 21.03503 5.780503 29.845474 36.494867 16.6370262329996 NA NA NA NA NA NA NA NA NA
50 13.413085 9.218216 6.404609 11.06637 7.017188 29.763009 36.943263 16.4617433414729 15.9833369840846 16.8782737081565 16.9036396750162 NA NA NA NA NA NA
50 11.275671 6.719413 9.146619 21.150638 11.202618 35.10651 46.728455 17.1867018994305 NA NA NA NA NA NA NA NA NA
50 12.829421 7.208549 9.895083 15.793688 6.31266 29.574588 31.937921 17.1039460727583 NA NA NA NA NA NA NA NA NA
50 12.461492 9.639217 10.65204 11.962134 5.710615 9.648699 37.675708 16.1167882790907 16.9216892533119 NA NA NA NA NA NA NA NA
50 3.677055 5.234139 8.947388 47.673494 30.340654 31.83519 24.827695 16.3706134078455 16.7585886410771 NA NA NA NA NA NA NA NA
50 14.4773 12.8289 11.44129 20.92095 15.08928 9.77369 22.1064 15.5926688179901 NA NA NA NA NA NA NA NA NA
50 15.29293 15.29293 11.05941 20.81526 17.14286 11.60479 20.04173 15.7177876399563 NA NA NA NA NA NA NA NA NA
50 3.041041 3.530964 6.055891 25.804781 12.232448 32.935268 44.654703 15.7915141931829 NA NA NA NA NA NA NA NA NA
50 5.780164 12.088396 7.323879 17.307459 8.702384 19.363864 29.60232 15.9806277958333 NA NA NA NA NA NA NA NA NA
50 9.274417 7.08134 9.741966 14.584445 13.23616 24.966919 24.478612 16.7537982852487 NA NA NA NA NA NA NA NA NA
50 8.955076 10.558096 8.925735 34.092458 28.414504 30.663161 22.307795 16.5850219277799 NA NA NA NA NA NA NA NA NA
50 10.358698 6.879275 9.349464 15.417275 11.254091 26.687863 31.740118 17.5252902006298 NA NA NA NA NA NA NA NA NA
50 23.69606 16.83362 34.7987 31.1166 22.42835 38.62146 37.35061 11.2689757260854 NA NA NA NA NA NA NA NA NA
50 8.153941 8.133379 8.420443 20.126079 12.410852 28.82681 33.610054 17.2251540214632 NA NA NA NA NA NA NA NA NA
50 10.851163 6.725882 9.737249 13.565243 8.966837 29.372 34.601386 17.3763034050093 NA NA NA NA NA NA NA NA NA
50 11.598153 6.861495 9.536692 13.073393 6.800829 25.970851 35.791821 17.7495527575366 NA NA NA NA NA NA NA NA NA
50 9.658063 7.287331 9.526224 12.875898 9.092091 26.330073 34.518125 17.9018228577225 NA NA NA NA NA NA NA NA NA
50 10.372211 6.563662 9.521138 11.510561 7.205426 24.474758 36.777735 17.112615830819 NA NA NA NA NA NA NA NA NA
50 9.662248 5.703417 9.713827 8.847224 5.557698 25.827817 38.109399 16.7093515862905 NA NA NA NA NA NA NA NA NA
50 14.75016 16.30577 10.22061 52.76508 69.03335 33.79728 36.84506 14.6677473387973 NA NA NA NA NA NA NA NA NA
50 9.908676 6.843338 9.79515 11.715456 7.043031 25.016486 35.318518 16.8830500979612 NA NA NA NA NA NA NA NA NA
50 12.533258 8.646016 9.609236 27.20986 12.579699 32.326809 40.011136 17.5038401655202 NA NA NA NA NA NA NA NA NA
50 11.259366 7.170214 9.210796 15.658437 6.048665 27.37907 35.978335 17.1150172912065 NA NA NA NA NA NA NA NA NA
50 13.357201 6.866121 10.004235 11.320202 4.313523 25.104473 31.011652 17.3636447436048 NA NA NA NA NA NA NA NA NA
50 11.865262 7.394765 9.742479 12.483342 5.98979 26.93661 34.518125 17.5818017163654 NA NA NA NA NA NA NA NA NA
50 11.438947 7.176312 9.91514 18.618838 8.940568 27.736382 33.921794 17.4458187500153 NA NA NA NA NA NA NA NA NA
50 21.96352 16.09064 33.32293 34.61878 38.4188 34.79163 17.90071 11.6258615445505 NA NA NA NA NA NA NA NA NA
50 12.751126 7.675174 9.587319 17.047137 9.32047 27.225849 34.394752 17.3592833936415 NA NA NA NA NA NA NA NA NA
50 8.715641 8.871298 8.989348 32.23132 18.280605 31.939033 40.626252 16.6587301328962 NA NA NA NA NA NA NA NA NA
50 11.513392 8.104781 9.415705 23.116785 11.481105 31.804759 39.575584 17.2741760060461 NA NA NA NA NA NA NA NA NA
50 6.579021 11.171035 8.420789 44.37799 29.762273 30.936594 43.273877 16.6220592486535 NA NA NA NA NA NA NA NA NA
50 11.951599 7.308598 9.423513 17.995634 8.795614 27.879904 34.518125 17.6818261299329 NA NA NA NA NA NA NA NA NA
50 13.572292 6.989391 9.681446 10.916859 4.465373 24.337089 32.274468 17.6343460724075 NA NA NA NA NA NA NA NA NA
50 13.029549 6.725882 9.999376 10.753139 6.238625 28.666079 32.877246 17.6073535889625 NA NA NA NA NA NA NA NA NA
50 22.046171 6.248607 28.676412 27.089415 29.660778 31.581313 43.787214 14.507082332548 NA NA NA NA NA NA NA NA NA
50 13.472706 6.783404 9.751956 9.135999 6.048665 26.300795 30.867735 16.5386770411887 17.571010937549 17.6831400246813 17.3313623152668 17.6923096131901 17.7868664437636 17.5252638852457 17.342864692371 16.6998546798381 17.5749663916846
