week N P K Na Ca Mg Nx y1 y2 y3 y4 y5 y6 y7 y8 y9 y10
37 2 10 2 25 40 10 5 13.0512396773086 13.3485944014511 12.7191812257201 13.7261639063681 12.9252780273769 NA NA NA NA NA
37 20 10 2 25 40 10 10 13.4346762080215 12.9297652654679 12.2613813083092 13.0811050442823 12.5850951458063 NA NA NA NA NA
37 2 20 2 25 40 10 15 12.5745222103506 12.5691908302204 11.5652161726744 12.1338478946241 11.603688568585 NA NA NA NA NA
37 2 10 5 25 40 10 20 14.9909409713886 14.3186567134765 14.5203229376701 15.0371365288824 14.1349645052045 NA NA NA NA NA
37 20 20 2 25 40 10 25 12.4902333728998 10.9850105704913 10.8951984986048 11.5077026383962 11.3035002302946 NA NA NA NA NA
37 2 20 5 25 40 10 30 13.7744937769351 14.2781416473187 14.0803069778815 14.189797320274 12.7548176274689 NA NA NA NA NA
37 20 20 5 25 40 10 35 13.1730101844856 12.9595889778829 13.2542067083396 12.5510016092139 13.2179034513606 NA NA NA NA NA
39 2 10 2 25 40 10 35 13.174386062929 13.4110343214724 13.523486492914 12.8509891420137 12.9842526860031 NA NA NA NA NA
39 20 20 2 25 40 10 10 11.6390116372294 11.3364553276352 12.1980518039672 11.6823073958956 11.0898408708655 NA NA NA NA NA
39 20 10 5 25 40 10 15 14.0953243118026 14.9851634164002 14.5436828927442 14.6285539225071 15.491965029409 14.8088310948709 14.3770105609979 14.4926125958781 14.4946170375104 14.4307265637438
39 2 20 5 25 40 10 5 14.651913160992 13.9687792264538 13.5369586925809 13.6525607274611 13.6545651690934 NA NA NA NA NA
39 9.7517 11.4125 5 25 40 10 20 14.8781353886421 14.6375547526231 14.8092347277507 14.6772013361619 14.4709353329356 15.5533183915606 15.6381804557718 14.9487176477445 15.5969858500478 14.5781747866553
40 10.8686 7.6105 6.5 25 40 10 20 15.8072638327208 15.9792459268945 16.3972545282058 15.9476471962738 15.879648095574 15.4034128372695 15.4040157730232 15.5981710473377 15.4508923944749 15.5369502408611
40 15.4919 2.584 8 25 40 10 20 16.0973995158662 15.5993712638902 16.1453560839304 15.4036196682435 15.8027114370648 15.07236157495 14.7308350013245 15.6891657510778 15.9235952572757 16.656550192595
41 13 7.5 6.75 27.5 30 12 12.5 15.87715889737 15.9584063020186 16.4705888715682 NA NA NA NA NA NA NA
41 13 3.5 7.75 17.5 45 6 25 15.2064230625284 15.087690950498 15.1963738283639 NA NA NA NA NA NA NA
41 11.5 5.5 7.75 17.5 45 12 12.5 16.1439829973259 16.0164538396916 15.942255620743 NA NA NA NA NA NA NA
41 14.5 5.5 6.75 27.5 30 6 25 16.2525630106334 16.742952017012 16.0839601021711 NA NA NA NA NA NA NA
41 14.5 5.5 6.75 27.5 30 6 25 16.7866451804275 16.3960086039646 16.7112984866645 NA NA NA NA NA NA NA
41 14.5 3.5 7.25 27.5 45 12 25 16.0420801207182 15.6104850683125 15.369293224583 NA NA NA NA NA NA NA
41 11.5 7.5 7.25 17.5 30 6 12.5 15.2287334122159 15.8104566601008 15.0332010984738 NA NA NA NA NA NA NA
41 14.5 3.5 6.75 22.5 45 6 12.5 15.3614266290177 15.2969597627473 15.6770697688864 NA NA NA NA NA NA NA
41 11.5 7.5 7.75 22.5 30 12 25 16.6242171219242 16.7768360471127 16.1074981831041 NA NA NA NA NA NA NA
41 11.5 3.5 7.75 27.5 37.5 6 12.5 16.1558590335252 15.2683271681117 15.9143570738047 NA NA NA NA NA NA NA
41 14.5 7.5 6.75 17.5 37.5 12 25 15.766350756544 16.0297210649737 15.4039766521749 NA NA NA NA NA NA NA
43 11.5 7.5 6.75 27.5 45 9 25 15.3441877932069 15.8929917630212 15.3765983180022 NA NA NA NA NA NA NA
43 14.5 3.5 7.75 17.5 30 9 12.5 16.2331817032319 15.5991239367502 16.2508135599165 NA NA NA NA NA NA NA
43 14.5 7.5 7.75 27.5 45 6 18.75 15.6033812210124 15.2801285598139 15.459715076135 NA NA NA NA NA NA NA
43 11.5 3.5 6.75 17.5 30 12 18.75 15.8899976083211 16.1216667128289 16.172527010642 NA NA NA NA NA NA NA
43 13 5.5 7.25 22.5 37.5 9 18.75 15.7969711188533 16.1618575705635 15.7729876947683 NA NA NA NA NA NA NA
44 13.526325 5.26411 7.326156 24.111044 29.456579 10.251849 22.760072 16.7912789742471 16.7829822555139 16.0144350250069 16.4508463905025 15.771623326287 NA NA NA NA NA
44 13.828527 5.228772 7.337564 24.352388 26.16441 10.439384 24.981375 15.9239280603981 16.8750984842649 16.04414359472 16.6000787508399 16.9456260741952 16.6010219823247 16.8936241215679 16.7815612257297 17.4529021608536 16.3740379160153
45 14.264812 5.198897 7.347211 24.556484 21.583963 10.597962 28.171093 17.3799086102777 16.2990886359113 16.8665577664743 17.0479266964509 16.7550762406416 16.4601206424256 16.9798549375292 16.6127908826984 16.978875298827 17.430908056296
45 14.748709 5.178975 7.353643 24.692545 16.600178 10.703686 31.698199 16.9292660803176 16.6343104821016 17.1540447772052 16.7869807223744 17.153065138503 17.605097895972 17.0801236183818 16.8493002665446 17.4422078778939 16.5362745997988
45 15.136166 5.168134 7.357143 24.766592 12.644301 10.761222 34.518205 16.7778679797238 17.4816335698973 17.9725114531656 16.280282952664 17.193573294783 NA NA NA NA NA
46 15.669187 5.157416 7.360603 24.839781 7.229314 10.818093 38.394263 16.6742997680472 17.4439722142184 16.8853750347826 16.8236815181962 17.0883833999131 17.0770609532492 17.1108865463743 17.3037121116687 17.1030440214641 17.537515943567
46 13.5899 6.8655 7.4737 27.75 15.2174 11.9426 39.2291 17.1625330298702 16.5540822361348 NA NA NA NA NA NA NA NA
46 14.1336 4.4381 8.2132 27.0759 8.9296 7.349 40.9406 16.4774908263375 16.8944338667446 NA NA NA NA NA NA NA NA
46 17.5164 1.7132 5.9371 28.2625 8.4515 9.4281 39.0649 16.0375665294827 16.6512515872128 NA NA NA NA NA NA NA NA
46 19.2958 6.6356 8.5239 24.6858 6.078 12.3 29.7975 16.7542469847085 16.4234927377923 NA NA NA NA NA NA NA NA
46 11.9782 11.0272 7.3851 26.4366 4.1319 9.4994 33.2503 15.8076999818096 16.3684926564736 NA NA NA NA NA NA NA NA
46 15.2412 2.5135 8.4073 22.9464 12.5932 11.9032 42.7376 16.7111207305088 17.0519553786027 NA NA NA NA NA NA NA NA
46 16.648 4.9581 7.7155 24.4079 13.0424 10.0265 43.8471 16.8313430128758 17.3076949294054 NA NA NA NA NA NA NA NA
47 15.5736 4.3419 7.7181 24.6668 12.3342 10.9102 40.1647 17.157449135563 17.2127057196287 16.9358869007333 17.0520452245558 NA NA NA NA NA NA
47 18.8702 0.7989 7.6803 22.1858 10.812 5.685 34.0296 14.7451286825186 NA NA NA NA NA NA NA NA NA
47 7.5802 4.747 6.5988 28.8006 25.8357 5.3542 45.7895 16.3636169695348 NA NA NA NA NA NA NA NA NA
47 14.7403 4.629 7.7455 26.0157 13.3127 11.2802 43.488 17.1704113812762 NA NA NA NA NA NA NA NA NA
47 14.752 4.6348 7.7398 25.9603 13.2487 11.2958 43.2333 16.8958293715976 NA NA NA NA NA NA NA NA NA
47 14.8721 4.6846 7.7083 25.5501 12.8495 11.369 41.2931 17.3272909390242 NA NA NA NA NA NA NA NA NA
48 4.5384 10.7426 6.0913 19.3476 7.5891 9.1882 34.4881 16.8144465441843 17.1422888102414 16.6983370107673 NA NA NA NA NA NA NA
48 6.9334 17.8651 7.0939 17.9718 9.4514 11.404 24.9051 15.7261083957025 16.1151617536604 15.5156007996095 NA NA NA NA NA NA NA
48 5.8505 3.4996 3.0919 21.9112 6.3861 7.3225 26.1346 14.7937581268594 14.5259191147478 15.122060035228 NA NA NA NA NA NA NA
48 7.33 7.372 7.6726 20.2053 7.1975 10.5787 46.8092 17.1346927395454 17.5521096835249 16.8206243472355 NA NA NA NA NA NA NA
48 9.8348 6.6254 7.4017 22.2547 9.0458 10.461 44.6358 17.0691606741069 17.0644970576476 17.4990251399243 NA NA NA NA NA NA NA
48 9.9587 6.4856 7.5363 22.0842 9.0721 10.5708 42.9963 17.2200467153599 17.2871977895492 17.2935969115033 NA NA NA NA NA NA NA
48 10.2686 15.4612 5.6651 20.5102 12.754 6.9124 47.7611 14.8800704343686 15.0843261778706 15.8454705956224 NA NA NA NA NA NA NA
48 9.3147 5.9765 7.7053 21.8045 7.6149 10.926 40.4602 17.2689691221764 17.8801069323264 18.1111180901491 NA NA NA NA NA NA NA
49 7.3862 4.6481 8.1908 21.3767 3.1102 12.0192 34.3396 15.7761541744004 15.3034229478114 16.9670810025206 17.1810846505883 16.8904915234933 NA NA NA NA NA
49 9.4424 6.4568 7.5861 21.4881 10.3465 9.9719 45.1052 17.3452541937062 17.6360313382332 17.4937267621889 NA NA NA NA NA NA NA
49 8.511 6.2522 7.7582 20.8439 10.8686 9.5807 44.9971 16.5404048756296 16.8133620082592 18.0202878490633 NA NA NA NA NA NA NA
49 10.4281 6.823 7.2833 22.0893 9.3743 10.5662 46.4621 17.3136912164366 17.4236430837067 17.7957951443212 NA NA NA NA NA NA NA
49 10.5023 7.0723 7.0788 22.0375 8.6445 10.8302 48.1571 17.5410092311774 16.5140912894525 17.7239918818612 NA NA NA NA NA NA NA
49 10.4141 6.794 7.3491 22.1322 9.5763 10.491 46.3588 17.6782600418991 16.6032760110529 17.1645467418817 NA NA NA NA NA NA NA
49 1.55 6.142 6.7293 17.7083 31.6772 8.4641 44.3959 14.5518600398534 14.3773189669629 14.8282085514872 NA NA NA NA NA NA NA
49 11.3711 7.4741 7.4563 21.3505 6.9355 10.687 43.7734 16.5779862236103 17.0071849763152 17.0688407032612 NA NA NA NA NA NA NA
50 10.4955 4.6779 7.9308 27.0884 16.2272 12.0895 25.4887 16.6632653447186 16.1632469513768 16.7706525815814 17.858516060119 17.6511051859801 NA NA NA NA NA
50 10.06 6.33 7.33 21.87 9.24 9.31 44.88 16.7733235568925 17.3887761428465 17.2053229221664 NA NA NA NA NA NA NA
50 10.6 6.33 7.33 24.7 9.24 9.31 44.88 17.4295134150488 16.9590983823176 16.7897647506788 NA NA NA NA NA NA NA
50 10.6 6.33 7.33 21.87 9.24 11.05 44.88 17.5545131370466 17.4739463329816 17.2852228847457 NA NA NA NA NA NA NA
50 10.6 6.33 7.33 24.7 9.24 11.05 44.88 16.6928484174328 17.4378482367291 16.8766670886056 NA NA NA NA NA NA NA
50 15.02 6.25 7.48 25.48 20.95 10.67 52.4 17.1753855004108 16.3982216309251 16.898874282354 NA NA NA NA NA NA NA
50 14.09 6.25 7.48 24.48 18.86 10.67 50.24 16.6493078334487 16.8523333689505 16.7519562340983 NA NA NA NA NA NA NA
50 14.09 6.25 7.48 24.48 2.1 10.67 32.98 16.4719062935874 16.089783183007 15.789826019031 NA NA NA NA NA NA NA
50 14.09 6.25 7.48 20.39 18.86 10.67 32.98 16.7217040349074 16.9107773093598 17.0143709143195 NA NA NA NA NA NA NA
50 14.09 6.25 7.48 20.39 2.1 10.67 50.24 16.4303693973392 16.274118712351 16.3617918448115 NA NA NA NA NA NA NA
50 6.71 6.25 7.48 24.91 18.86 10.67 32.98 16.7262164606391 16.4171438856569 17.0925179424754 NA NA NA NA NA NA NA
50 6.71 6.25 7.48 24.91 2.1 10.67 50.24 15.9715400641173 16.0255606949338 15.7649206044086 NA NA NA NA NA NA NA
50 6.71 6.25 7.48 20.39 18.86 10.67 50.24 16.5967793772826 17.2009563006264 17.1517164005908 NA NA NA NA NA NA NA
50 6.71 6.25 7.48 20.39 2.1 10.67 32.98 15.9334823134463 16.8001963227715 16.8158273396062 NA NA NA NA NA NA NA
50 8.8596 7.1126 7.5092 19.9991 12.1611 11.5497 39.6063 17.1307357401634 17.1275601263451 NA NA NA NA NA NA NA NA
50 9.4646 6.8356 7.6091 21.0517 12.3069 11.1221 39.4846 16.9955839069423 17.256486414178 NA NA NA NA NA NA NA NA
50 10 6.6383 7.5 22.1 10.4 11.05 42 17.2463756709742 17.321076641951 NA NA NA NA NA NA NA NA
50 9.4 6.3 7.6 24.5 9 10.95 40.1 17.987874451262 17.3368560442807 NA NA NA NA NA NA NA NA
50 9.82 6.63 7.63 21.9 12.39 10.93 39.25 17.1062866332795 17.084072381913 17.5507216249377 16.6925880073992 16.5650244564998 17.8136201723441 16.8302970900863 17.2009085653276 17.3766753056209 17.0920341351474
