week N P K Na Ca Mg Nx y1 y2 y3 y4 y5 y6 y7 y8 y9 y10
37 2 10 2 25 40 10 5 12.9588441782213 12.4056958263443 12.8663930881517 13.3984943190636 13.6172786649581 NA NA NA NA NA
37 20 10 2 25 40 10 10 13.6053473877126 12.9504689190852 13.3015186493625 12.58700806706 12.9295838556341 NA NA NA NA NA
37 2 20 2 25 40 10 15 12.1675642725592 13.0554470306397 12.2556314333111 12.8121521173618 12.7079646569055 NA NA NA NA NA
37 2 10 5 25 40 10 20 14.8350423297688 13.7158151657076 15.242051502091 15.0795758956854 14.5739485193947 NA NA NA NA NA
37 20 20 2 25 40 10 25 11.7377054110595 12.7113333100416 11.0757588735238 11.784634830218 11.3521931476197 NA NA NA NA NA
37 2 20 5 25 40 10 30 13.3805725981846 13.7846888465135 13.3034169118199 13.5798794638014 13.827623667214 NA NA NA NA NA
37 20 20 5 25 40 10 35 12.9062786148872 12.9526672163266 13.2409477664767 12.4805264077047 13.14330424083 NA NA NA NA NA
39 11 15 3.5 25 40 10 20 13.2274433632419 14.0516642222538 NA NA NA NA NA NA NA NA
39 10.29247 24.60877 132.79207 188.95393 164.05068 165.57058 154.4066 4.95727414572296 5.74838740777568 NA NA NA NA NA NA NA NA
39 189.9825 104.20595 95.45036 69.28034 99.42698 70.85305 59.4142 2.58205092035453 3.44924619035136 NA NA NA NA NA NA NA NA
40 2.875935 7.6132296 6.5 25 40 10 20 15.5856015939912 15.7171470138982 14.5507282506297 15.3571091404783 NA NA NA NA NA NA
40 2.875935 7.6132296 6.5 25 40 10 20 15.4702249138395 15.7510105049908 15.2469592033573 16.093099903548 NA NA NA NA NA NA
40 0.01 0.01 9.5 25 40 10 20 7.63687069044077 6.94417130987147 7.037087848221 7.07379890505767 NA NA NA NA NA NA
40 11.901297 6.504867 6.441494 25 40 10 20 15.9307285459082 15.8313284285187 15.1714064894561 15.7499856033018 NA NA NA NA NA NA
41 24.369466 7.109787 3.836898 18.255588 13.641295 33.460856 38.122617 14.9653447089112 15.9247220697801 NA NA NA NA NA NA NA NA
41 21.636567 24.888309 8.227707 31.625473 21.3409 18.99363 5.062246 12.6530461801411 13.1719392825819 NA NA NA NA NA NA NA NA
41 25.012104 42.828446 32.562043 40.230324 41.188896 10.491642 12.036685 9.04263726241194 8.88552177092643 NA NA NA NA NA NA NA NA
41 43.110148 26.222019 29.122206 25.396791 19.592445 43.591491 18.083739 9.42268431941457 10.4984215954774 NA NA NA NA NA NA NA NA
41 10.74714 20.398553 13.963918 35.371945 15.447649 20.848054 15.459755 15.1583949941142 14.1676920658342 NA NA NA NA NA NA NA NA
41 8.513854 36.533899 36.714178 47.058814 35.934955 32.382103 45.04708 10.0120983185851 9.7673761030221 NA NA NA NA NA NA NA NA
41 46.530937 16.158934 18.386824 12.206058 47.689507 17.208228 35.470555 11.6759254339668 11.0607391761026 NA NA NA NA NA NA NA NA
41 18.037667 2.173831 40.152095 15.587249 34.982539 4.195494 33.588717 11.4759619189329 11.6340033618381 NA NA NA NA NA NA NA NA
41 33.443275 33.65296 32.00463 39.157417 1.165009 35.133149 43.092995 8.28184268294066 7.99802116054346 NA NA NA NA NA NA NA NA
41 35.583099 40.576634 10.154316 21.242797 43.110313 41.895464 13.868257 10.1670048383349 NA NA NA NA NA NA NA NA NA
41 42.370167 27.71543 47.369706 6.805997 24.805012 14.034602 27.902416 8.7710853599882 NA NA NA NA NA NA NA NA NA
41 27.957352 46.825459 1.473814 3.281206 6.931986 28.340746 22.139192 8.48387280767123 NA NA NA NA NA NA NA NA NA
41 38.951321 8.539307 24.831432 48.656747 30.248366 23.663623 4.96021 12.5639365063626 NA NA NA NA NA NA NA NA NA
41 2.313182 3.588497 7.174302 28.250885 39.494932 27.001277 48.467314 14.6002567468458 NA NA NA NA NA NA NA NA NA
41 15.953974 49.113789 44.654169 14.141582 8.790815 45.371954 31.531915 7.28440029806505 NA NA NA NA NA NA NA NA NA
41 30.104917 11.245897 26.848771 1.884749 27.657734 6.106205 1.251679 12.6466008299058 NA NA NA NA NA NA NA NA NA
41 3.175608 31.497005 39.339594 34.283945 2.791232 8.937802 24.49533 8.02781926003223 NA NA NA NA NA NA NA NA NA
41 5.579559 14.31214 49.595058 22.797096 27.397376 49.369411 9.527224 10.3655646849362 NA NA NA NA NA NA NA NA NA
41 47.974794 17.564922 17.159456 9.79795 10.34407 38.694122 41.157404 11.4845137193569 NA NA NA NA NA NA NA NA NA
41 14.250447 37.663937 21.8326 43.489829 46.15372 1.813248 26.175007 9.98681359297378 NA NA NA NA NA NA NA NA NA
41 12 6.5 6.5 18.2 13.6 10 20 16.4323083077092 17.3743316605908 17.4468476898247 16.2603548083405 NA NA NA NA NA NA
41 12 6.5 6.5 18.2 13.6 33 38 17.6557295728129 NA NA NA NA NA NA NA NA NA
41 12 6.5 6.5 25 40 10 20 16.6116771715663 NA NA NA NA NA NA NA NA NA
42 11 5.5 5.5 19.2 14.6 34 37 17.0664345188503 NA NA NA NA NA NA NA NA NA
42 13 5.5 5.5 17.2 12.6 34 39 16.8867854115977 NA NA NA NA NA NA NA NA NA
42 11 7.5 5.5 17.2 14.6 32 39 16.9189780739859 NA NA NA NA NA NA NA NA NA
42 13 7.5 5.5 19.2 12.6 32 37 16.4035078438588 NA NA NA NA NA NA NA NA NA
42 11 5.5 7.5 19.2 12.6 32 39 16.7926464750034 NA NA NA NA NA NA NA NA NA
42 13 5.5 7.5 17.2 14.6 32 37 17.4317177800446 NA NA NA NA NA NA NA NA NA
42 11 7.5 7.5 17.2 12.6 34 37 17.3628371415645 NA NA NA NA NA NA NA NA NA
42 13 7.5 7.5 19.2 14.6 34 39 17.392809968866 NA NA NA NA NA NA NA NA NA
42 12 6.5 6.5 18.2 13.6 33 38 17.498028208026 17.1532714219552 16.6642587842361 17.1486857307576 17.1460797822606 16.8265324379364 16.6021934826947 NA NA NA
42 10.5 5 8 19.7 12.1 31.5 39.5 17.6879487396463 18.1196889138884 18.3041155989406 17.2123647850514 17.3507118321226 17.8010084542117 NA NA NA NA
43 12.5 5.5 9 17.2 14.6 32 37 17.5366810153012 17.5256658171285 17.1435237236564 17.4036882419848 17.0453782804375 NA NA NA NA NA
43 10.5 6.5 7 18.2 13.6 33 38 17.4928806804997 NA NA NA NA NA NA NA NA NA
44 9.508625 6.627564 18.226457 51.505522 9.309293 10.001115 94.908913 15.1732691523301 15.6217525006959 14.5708153323169 NA NA NA NA NA NA NA
44 8.052401 6.536406 18.491693 35.098317 3.491234 4.191056 46.106532 14.2386307198926 NA NA NA NA NA NA NA NA NA
44 14.542521 8.022126 21.40868 27.65864 22.124732 16.832469 37.665929 14.9131013056411 NA NA NA NA NA NA NA NA NA
44 9.133319 9.101778 12.070904 25.928577 21.780851 14.509126 23.052619 16.7879064709211 NA NA NA NA NA NA NA NA NA
44 11.330472 6.630461 7.29653 17.293925 14.725 33.296659 37.096152 17.0658989101205 16.9183357796335 18.0377011001215 NA NA NA NA NA NA NA
45 6.184658 6.519072 18.902232 32.027738 0.001 2.156067 67.826808 10.1612393143807 NA NA NA NA NA NA NA NA NA
45 13.135647 6.110125 10.90281 4.223349 3.491234 46.991603 37.747657 17.05996053072 17.1312818267345 17.4338005092651 17.0149863558177 NA NA NA NA NA NA
45 12.755437 6.071416 9.441521 21.554183 13.93239 30.188542 46.106532 17.7963989191309 17.3850113037112 17.350214883177 NA NA NA NA NA NA NA
45 2.40824 6.104706 9.722749 16.15582 13.723002 35.493621 46.106532 15.9668727087023 16.2142754376948 15.582484004997 NA NA NA NA NA NA NA
45 15.788209 5.599585 11.697239 18.965395 2.328121 28.520455 32.866291 15.4231277889822 NA NA NA NA NA NA NA NA NA
45 14.571602 5.807381 8.423874 6.234442 16.772585 35.85802 46.106532 16.4592591294193 NA NA NA NA NA NA NA NA NA
45 14.571602 5.807381 8.423874 6.234442 16.772585 35.85802 46.106532 17.3310495300443 NA NA NA NA NA NA NA NA NA
46 13.887198 5.583857 7.948239 43.478059 9.900516 46.991603 46.106532 17.8711237916247 17.4879335702154 17.5844375936183 NA NA NA NA NA NA NA
46 13.887198 5.583857 7.948239 43.478059 9.900516 46.991603 46.106532 17.4743748543742 17.5394283233737 17.4122559772798 NA NA NA NA NA NA NA
46 13.717749 5.614352 7.934721 35.227039 10.729873 44.587558 46.106532 17.5702298391775 18.191343610418 17.9933412760144 NA NA NA NA NA NA NA
46 13.872462 5.548942 7.943432 37.124289 10.71275 46.991603 46.106532 17.3410960871974 17.7774286634286 17.4345160246577 NA NA NA NA NA NA NA
46 9.567112 5.226386 3.4082 47.487447 18.246087 8.743273 44.823556 16.3282648151318 15.8923917223151 16.5861704960607 NA NA NA NA NA NA NA
46 15.746379 4.268304 11.932325 27.17855 15.68716 48.180507 47.286923 16.2618831501943 17.31033320012 17.0175471855704 NA NA NA NA NA NA NA
46 13.900068 5.606783 8.103157 34.953132 10.963162 46.991603 46.106532 16.8674427664193 17.4397911616775 17.6471410465877 NA NA NA NA NA NA NA
46 12.7821 22.75908 23.19948 14.99423 40.71204 26.8323 21.27199 12.8146829753781 13.0253590016086 12.1948661001426 NA NA NA NA NA NA NA
46 12.899658 5.393339 8.235397 44.843852 19.495623 30.976248 47.286923 18.7221074095761 18.2042104762049 17.4716488478685 NA NA NA NA NA NA NA
46 14.500933 7.080518 9.565315 47.487447 25.405617 28.217934 47.286923 17.5359105838076 16.568340469878 18.2581727585425 NA NA NA NA NA NA NA
46 11.848996 4.36764 7.174851 44.903041 14.688426 33.790774 47.286923 18.0150076589848 17.6687107781646 17.3048194517742 NA NA NA NA NA NA NA
46 14.071354 5.931282 8.796586 43.864722 17.134152 38.039013 46.106532 17.490361862029 17.4808924978258 17.3353393819254 NA NA NA NA NA NA NA
46 15.23464 7.093844 10.849492 29.619599 28.252533 3.002152 40.39237 15.9075950079764 15.8208949742839 15.8211860642788 NA NA NA NA NA NA NA
47 14.52225 30.57832 10.53078 16.08841 16.00403 33.77325 24.56671 12.5421305116816 12.945082935996 13.0309483408551 NA NA NA NA NA NA NA
47 10.323262 5.895846 3.879876 46.318147 19.640629 34.819947 46.106532 16.7021205179914 16.8999374152434 17.2735231304513 NA NA NA NA NA NA NA
47 8.753587 7.615018 10.701195 46.318147 24.294981 46.991603 46.106532 17.0463805321103 16.998613395337 17.1852716750445 NA NA NA NA NA NA NA
47 37.44096 11.87813 36.22491 23.85449 33.30626 40.38623 23.42217 10.6008393490028 11.2605250678129 10.4556285514916 NA NA NA NA NA NA NA
48 13.190481 5.316258 7.582946 46.318147 3.491234 35.105494 46.106532 16.1098554472639 16.7711859667993 16.8401926531116 16.542653244516 16.9598550698448 16.7501998163244 16.4023044288208 16.2259637112609 16.9762586339002 16.5641240138405
48 10.577349 5.778826 3.707426 45.752225 18.833341 35.046679 47.286923 17.2914106412132 16.4219122658079 17.4752133149635 NA NA NA NA NA NA NA
48 10.087535 5.204767 9.965188 47.487447 21.97349 32.037764 47.286923 17.0811943432653 17.6428934252227 16.5688382433877 NA NA NA NA NA NA NA
48 14.779636 5.520219 7.749757 42.289806 21.599458 46.991603 28.481522 17.2683915312471 17.7917877219684 17.358976818593 NA NA NA NA NA NA NA
49 15.915162 5.497251 7.677905 40.916118 23.406382 41.607835 43.49893 17.4015059212379 16.8754420669136 18.4271229726158 NA NA NA NA NA NA NA
49 13.691015 5.339568 7.392612 36.670251 20.414155 46.991603 46.106532 17.9554061013689 17.6298439621828 17.2597127595247 NA NA NA NA NA NA NA
49 13.562922 6.125014 8.460765 37.881623 20.978479 35.851247 37.798511 16.984263729481 16.9235139122237 17.0461476603561 NA NA NA NA NA NA NA
49 14.957899 8.328989 14.813533 50.591168 43.524841 48.218482 50.845991 15.1999137575484 NA NA NA NA NA NA NA NA NA
49 4.635205 2.176542 4.503253 25.398261 8.115174 12.808809 36.917123 14.7480269062863 NA NA NA NA NA NA NA NA NA
49 6.667027 6.633256 13.390178 1.884749 23.744838 20.052115 47.446363 15.8269959270126 NA NA NA NA NA NA NA NA NA
49 13.565668 5.079689 7.047631 34.85609 18.771296 46.991603 48.366275 17.6357553838169 NA NA NA NA NA NA NA NA NA
49 14.975907 4.684259 7.225908 49.373508 19.982463 46.650191 49.606133 17.5889386160932 NA NA NA NA NA NA NA NA NA
49 23.787733 16.502221 36.490216 33.240059 23.165368 8.649685 26.93738 10.6610460681546 NA NA NA NA NA NA NA NA NA
49 11.13782 41.64135 18.0365 29.5707 23.43669 28.41513 24.28026 10.9247215676866 NA NA NA NA NA NA NA NA NA
50 13.41256 14.60749 17.62719 26.47721 34.84929 42.23626 10.10179 14.4180018790649 NA NA NA NA NA NA NA NA NA
50 13.989792 10.997375 9.193363 27.570902 23.707368 26.48624 32.435031 15.6683014859331 NA NA NA NA NA NA NA NA NA
50 13.62 5.51 7.83 35.33 10.83 44.7 46 18.8438656216495 NA NA NA NA NA NA NA NA NA
50 13.82 5.51 7.83 35.13 10.63 44.7 46.2 17.258314027512 NA NA NA NA NA NA NA NA NA
50 13.62 5.71 7.83 35.13 10.83 44.5 46.2 17.5336047605746 NA NA NA NA NA NA NA NA NA
50 13.62 5.51 8.03 35.33 10.63 44.5 46.2 17.4969207827459 NA NA NA NA NA NA NA NA NA
50 13.82 5.71 7.83 35.33 10.63 44.5 46 17.6737533965517 NA NA NA NA NA NA NA NA NA
50 13.82 5.51 8.03 35.13 10.83 44.5 46 17.3741864823665 NA NA NA NA NA NA NA NA NA
50 13.62 5.71 8.03 35.13 10.63 44.7 46 17.9384285877988 NA NA NA NA NA NA NA NA NA
50 13.82 5.71 8.03 35.33 10.83 44.7 46.2 17.346863905027 NA NA NA NA NA NA NA NA NA
50 13.617749 5.614352 7.934721 35.227039 10.729873 44.587558 46.006532 18.2297333254612 17.1990697866584 17.5849019684944 NA NA NA NA NA NA NA
50 13.327021 5.12427 7.094123 33.488491 18.142962 46.991603 48.366275 17.6293402995073 NA NA NA NA NA NA NA NA NA
50 14.040858 4.992594 7.398658 42.026045 17.977454 44.104183 49.606133 17.4884003400211 NA NA NA NA NA NA NA NA NA
50 13.297711 5.130897 7.129139 33.758853 18.035519 48.180507 49.606133 17.3976579568511 17.0160644339049 17.2581916196723 NA NA NA NA NA NA NA
