week N P K Na Ca Mg Nx y1 y2 y3 y4 y5 y6 y7 y8 y9 y10
37 2 10 2 25 40 10 5 12.7134043320883 12.7151519046427 12.7831492715024 13.0938751855801 13.5985741775414 NA NA NA NA NA
37 20 10 2 25 40 10 10 13.4888921187525 12.9943833510837 13.0819397201364 13.1520965046266 11.9740293454815 NA NA NA NA NA
37 2 20 2 25 40 10 15 12.5673516102804 11.7338081781596 12.2499631879572 11.8368059033749 12.7894056812381 NA NA NA NA NA
37 2 10 5 25 40 10 20 13.9714119912798 14.9689608829618 14.3999975398155 14.9860779436622 14.2220057942374 NA NA NA NA NA
37 20 20 2 25 40 10 25 11.4176994768408 11.4336716279032 12.2591215031087 12.0541835814968 11.6316419101416 NA NA NA NA NA
37 2 20 5 25 40 10 30 13.3300725220715 14.0681210143495 14.1496527233005 13.6954178604047 13.3396042672533 NA NA NA NA NA
37 20 20 5 25 40 10 35 13.0843453131918 13.3428719963198 13.0667378153355 12.9932909056343 12.6295335269746 NA NA NA NA NA
38 11 15 3.5 25 40 10 20 13.2714697567321 14.2308695735322 14.4556835691227 14.0969836777623 13.6547348566359 NA NA NA NA NA
38 2 10 5 20 40 10 20 14.2874135775252 14.2829483861005 14.6956741519365 14.2552752262416 14.9793738400918 NA NA NA NA NA
38 2 10 5 15 40 10 20 14.6511247423931 13.9272636583923 13.7434635638947 14.5562010265331 14.8069372960731 NA NA NA NA NA
38 2 10 7 20 40 10 25 15.598389777863 15.5343463464 15.4448725427951 14.7180690726804 15.5983222664135 NA NA NA NA NA
38 2 15 7 20 40 10 25 14.3729511887111 13.7584350409627 14.5540419875003 13.8946533687795 14.8676416417612 NA NA NA NA NA
39 7.78 9.66 5.75 20 40 10 20 15.2570946693409 NA NA NA NA NA NA NA NA NA
39 4.56 4.32 8 20 40 10 20 15.6995066958452 15.1089362271876 NA NA NA NA NA NA NA NA
39 9.06 1.82 7.25 20 40 10 20 15.0628062211689 NA NA NA NA NA NA NA NA NA
39 9.06 1.82 8.75 22 38 111 20 15.6977179745437 NA NA NA NA NA NA NA NA NA
39 0.06 1.82 8.75 18 38 111 20 9.4726645571384 NA NA NA NA NA NA NA NA NA
39 0.06 6.82 7.25 18 42 9 20 13.1810910071256 NA NA NA NA NA NA NA NA NA
39 0.06 6.82 8.25 10 42 11 22 13.5795346243625 NA NA NA NA NA NA NA NA NA
39 0.06 1.82 7.25 10 40 10 25 10.171964282875 NA NA NA NA NA NA NA NA NA
39 9.06 6.82 8.75 5 42 12 27 15.2947535735526 NA NA NA NA NA NA NA NA NA
40 9.06 6.82 8.25 24 42 15 30 16.0756508759921 16.5688949888074 16.8390039209943 NA NA NA NA NA NA NA
40 9.06 6.82 7.25 26 44 20 30 16.2889515490861 16.3685775607566 16.0193937443257 NA NA NA NA NA NA NA
40 0.06 6.82 8.75 30 42 15 20 14.3968224127878 15.3930192109943 14.5618771499317 NA NA NA NA NA NA NA
40 12.22 4.32 8 24 42 15 30 16.3379437175031 16.0912718805251 15.8298274794009 NA NA NA NA NA NA NA
40 4.56 8.52 8 24 42 15 30 15.4930774208581 16.0299203867841 15.8500853805778 NA NA NA NA NA NA NA
40 4.56 4.32 9.26 24 42 15 30 15.2096954859954 15.5568946544535 15.1941380976165 NA NA NA NA NA NA NA
41 9.02 1.82 8.2 24 42 15 30 14.0259296202959 14.7320127788471 14.7104881388126 NA NA NA NA NA NA NA
41 9.02 6 8.25 24 42 15 30 16.4795015621166 15.8061343545345 15.7991898230142 NA NA NA NA NA NA NA
41 9.5 5.5 8.5 24 42 15 30 16.5731811260796 16.2272780573989 15.7926175242236 NA NA NA NA NA NA NA
41 10 5 9 24 42 15 30 16.6957088414646 15.9738813808617 16.3177325206808 NA NA NA NA NA NA NA
41 10.5 5 9.5 24 42 15 30 16.7803114170765 16.5701639313728 16.0144234749666 NA NA NA NA NA NA NA
41 11 5.5 10 24 42 15 30 16.460430047918 16.1500243258328 15.9687545785147 NA NA NA NA NA NA NA
41 11 5 10 24 42 15 30 15.9748680660762 16.3164053764579 16.2899510661957 NA NA NA NA NA NA NA
42 9.65 6.5 10.4 31.25 39.8 19.48 20.89 16.7013215446626 16.7391587341825 16.869697264986 NA NA NA NA NA NA NA
42 9.34 7.36 10.82 27.77 39.59 14.48 30.31 16.2970673397248 16.431282295642 16.1718747504653 NA NA NA NA NA NA NA
42 11.04 5.68 9.31 22.86 39.59 20 5.52 16.468549144412 16.1354660637023 NA NA NA NA NA NA NA NA
42 21.11 0.45 0.69 7.56 19.35 19.37 8.95 10.5880851622212 NA NA NA NA NA NA NA NA NA
42 2.93 22.28 12.18 29.55 48.95 17.18 26.69 14.0256653880761 13.8133565273635 NA NA NA NA NA NA NA NA
42 3.04 16.43 6.96 35.32 44.01 6.65 30.18 15.372580156357 NA NA NA NA NA NA NA NA NA
42 11.16 4.92 10.2 35.32 35.69 58.83 13.07 16.9227416826767 NA NA NA NA NA NA NA NA NA
43 12.32 4.51 10.03 36.84 39.16 93.5 12.26 17.4185915466721 17.3811480949981 16.6989875069626 NA NA NA NA NA NA NA
43 16 4 9 23 40 78 17 16.4856029610023 16.3140775463819 16.5600485324184 NA NA NA NA NA NA NA
43 10.73 4.48 9.95 32.07 40.77 68.2 16.38 17.239532466495 16.4747081372594 16.6628457066715 NA NA NA NA NA NA NA
43 12.65 3.49 8.98 32.48 36.07 69.26 12.18 17.2681979769481 17.3597869256672 16.5898840404343 NA NA NA NA NA NA NA
44 13.21 4.39 9.35 33.92 38.02 74 9.72 16.6296858752595 16.5196750125558 16.9283147412151 16.960499063195 NA NA NA NA NA NA
44 11.94 4.5 9.58 31.01 35.14 66.65 19.95 16.2272336270493 17.0726915354548 16.6659178127346 NA NA NA NA NA NA NA
44 11.35 1.87 12.75 34.84 36.64 58.82 9.44 15.6125406315208 15.4895266494675 15.7995672792928 16.3983969248075 15.5746707089254 NA NA NA NA NA
44 8.33 9 8.78 13.7 28.08 38.23 20.79 16.1330214850677 16.0807373613251 16.3181416576817 16.4001866228042 NA NA NA NA NA NA
44 14.45 7.25 5 11.82 39.55 56.21 18.51 14.2474612329515 15.0421708798244 14.7743272519347 NA NA NA NA NA NA NA
45 14.16 2.44 7.74 38.43 41.9 93.78 14.8 16.0841334279506 16.2275203968284 16.8375126505035 NA NA NA NA NA NA NA
45 12.84 3.8 9.79 29.71 33.16 111 9.39 15.9295406521255 17.0526828519913 17.0506455914263 NA NA NA NA NA NA NA
45 10.98 5.27 9.65 27.34 36.37 58.52 14.86 16.7412258346567 16.6309861189565 16.1836632925677 NA NA NA NA NA NA NA
45 13.58 3.45 10.41 34.93 39.35 111 14.93 16.8993072046667 16.6476485927976 16.1905984759831 NA NA NA NA NA NA NA
45 12.18 4.22 9.06 32.73 37.84 77.64 12.05 17.0085888864515 16.6047591476665 17.360581643926 NA NA NA NA NA NA NA
45 12.16 4.21 9.03 32.84 37.88 78.07 11.87 17.2400409944361 17.2129866296432 16.8668500962483 NA NA NA NA NA NA NA
45 12.05 4.15 8.9 33.34 38.04 80.08 11.04 17.179297606576 16.9051467110579 16.7989063678386 NA NA NA NA NA NA NA
46 12.44 15.97 7.12 27.88 24.73 107.98 26.72 15.7276424643123 16.0348231694597 15.5889672041349 NA NA NA NA NA NA NA
46 8.83 18.07 8 29.76 26.34 86.99 19.61 15.5872914852394 15.1355953125302 15.4382873340637 NA NA NA NA NA NA NA
46 8.8 16.15 5.96 33.46 41.42 89.05 24.27 15.8129348499745 15.2084629446521 15.1407610960547 14.6859870754001 16.1711379774182 15.6031591063001 NA NA NA NA
46 5.89 10.93 4.16 32.04 22.89 56.47 25.17 17.1007556423004 16.5327767711823 16.4393625157057 NA NA NA NA NA NA NA
46 16.02 14.54 4.16 31.38 21.99 58.47 20.25 14.5333985846098 15.2073557219263 15.0701315861143 NA NA NA NA NA NA NA
47 2.07 4.36 7.63 38.29 19.49 94.87 6.15 15.4978916630656 15.8761337498425 15.2681718865743 15.0432044151752 15.9977486951269 NA NA NA NA NA
47 4 13.31 12.2 26.49 45.9 56.55 29.23 15.7107231612658 15.2745995550943 15.9924720958997 15.5112465056518 15.8884985584115 NA NA NA NA NA
47 5.07 15.04 11.37 38.64 24.27 34.51 28.46 14.8971002574965 16.5222326577843 16.0470192473268 NA NA NA NA NA NA NA
47 17 19.87 10.1 11.93 30.03 34.36 14.85 13.0788059021457 13.1793495183696 13.7478932774245 NA NA NA NA NA NA NA
47 8.16 8.51 6.52 38.97 18.4 16.94 5.52 17.7302596506076 16.6718721305564 17.3582669381381 NA NA NA NA NA NA NA
47 12.45 3.73 5.52 34.45 16.87 17.85 19.4 16.4321201968123 16.9599827166047 16.3080119127539 NA NA NA NA NA NA NA
47 4.17 5.49 11.41 30.82 15.26 12.84 19.21 15.6060354963925 16.6700606115401 16.4686642089056 NA NA NA NA NA NA NA
48 8.38 5.34 3.08 22.16 13.58 48.94 4.77 16.0548137791921 15.8705759179383 16.7718679770888 16.5465572532805 15.4511472077847 16.1941273981744 16.4157850140553 16.1403674102482 16.0361334460606 15.4435817595208
48 14.94 8.88 11.71 27.22 11.81 33.62 16.21 17.2549103430322 16.5676197360793 16.7944056983973 NA NA NA NA NA NA NA
48 11.27 10.95 7.73 19.4 9.95 18.72 35.1 17.3380164393718 17.48341104196 17.0492858397782 NA NA NA NA NA NA NA
48 9.45 7.6 7.04 34.89 8 54.82 13.6 16.5069776594534 NA NA NA NA NA NA NA NA NA
48 10.59 7.6 8.15 24.5 10.86 1.43 14.91 14.6043317638057 14.4413831206302 NA NA NA NA NA NA NA NA
48 19.41 9.26 12.91 21.85 9.02 44.03 36.62 15.9540989481853 15.1621648237911 NA NA NA NA NA NA NA NA
48 20.32 11.06 11.71 37.38 33.08 21.22 17.77 14.7039003075104 15.6584304805303 NA NA NA NA NA NA NA NA
48 14.73 16.06 11.83 37.01 16.82 24.88 33.52 15.4598600092846 16.346818333646 14.8301783438026 NA NA NA NA NA NA NA
49 11.27 10.95 7.73 19.4 9.95 27.73 35.1 17.2240329834167 16.6333035034598 16.8266601155376 16.7406905034117 16.566965919147 16.7789007461065 16.7017265520466 16.7971824976302 16.1217452898095 16.3772546233855
49 11.27 10.95 7.73 19.4 9.95 21.15 35.1 16.9528630332527 16.9134901935388 17.6242769816611 NA NA NA NA NA NA NA
49 11.27 10.95 7.73 19.4 9.95 15.13 35.1 17.4434219160679 17.1023456894212 NA NA NA NA NA NA NA NA
49 11.27 10.95 7.73 19.4 9.95 11.84 35.1 16.7733966571806 17.4760828285632 NA NA NA NA NA NA NA NA
49 11.27 10.95 7.73 19.4 9.95 18.72 31.84 17.087101873332 16.7962135949083 15.9349215840817 NA NA NA NA NA NA NA
49 11.27 10.95 7.73 19.4 9.95 18.72 32.96 16.6272242816707 17.0192208643453 NA NA NA NA NA NA NA NA
49 11.27 10.95 7.73 19.4 9.95 18.72 36.14 17.1820605247174 16.4280216545563 NA NA NA NA NA NA NA NA
50 11.27 10.95 7.73 19.4 8.2 18.72 35.1 17.1322522339247 15.9853074470071 NA NA NA NA NA NA NA NA
50 11.27 10.95 7.73 19.4 11.69 18.72 35.1 16.8848576319885 16.3785628983322 NA NA NA NA NA NA NA NA
50 11.27 10.95 7.73 19.4 6.98 18.72 35.1 16.8843471017883 17.1306834383839 NA NA NA NA NA NA NA NA
50 11.27 10.95 9.24 19.4 9.95 18.72 35.1 17.662525501302 16.3703296247339 NA NA NA NA NA NA NA NA
50 11.27 10.95 5.88 19.4 9.95 18.72 35.1 16.4821825856534 16.563757532635 NA NA NA NA NA NA NA NA
50 11.27 10.95 7.73 16.89 9.95 18.72 35.1 16.6462532555271 17.3692596584299 NA NA NA NA NA NA NA NA
50 11.27 10.95 7.73 21.65 9.95 18.72 35.1 17.6254213399969 17.5406717313031 NA NA NA NA NA NA NA NA
50 11.27 10.95 7.73 24.02 9.95 18.72 35.1 15.9942935925623 17.2945913758949 17.1388679612734 16.4800914015738 17.0833252126374 16.6832864518236 17.4310161794788 16.9283654109164 17.2582882958044 16.8224632663423
