week N P K Na Ca Mg Nx y1 y2 y3 y4 y5 y6 y7 y8 y9 y10
37 2 10 2 25 40 10 5 13.1010967262708 12.4736986565124 13.0625300486643 12.6678597334069 12.8531400594679 NA NA NA NA NA
37 20 10 2 25 40 10 10 13.276500856715 12.6795349993866 11.9691520731397 12.2327661202751 12.5601547254115 NA NA NA NA NA
37 2 20 2 25 40 10 15 12.6502539193448 12.1490415507233 12.805340877651 12.6268645740396 12.6677093080774 NA NA NA NA NA
37 2 10 5 25 40 10 20 14.6308979950314 14.7664174604439 15.3706899124802 14.5233376887432 15.4848567408928 NA NA NA NA NA
37 20 20 2 25 40 10 25 11.7034798655805 12.0242456454127 10.717948930139 11.4953584739051 11.1889896160174 NA NA NA NA NA
37 2 20 5 25 40 10 30 13.5227865347763 13.558409607831 13.8776208801438 13.2100891543373 13.3740162321666 NA NA NA NA NA
37 20 20 5 25 40 10 35 12.8379958330845 13.1349179531877 14.0494473778485 13.3528701860763 13.605000695141 NA NA NA NA NA
38 2 10 5 30 45 15 20 15.462890153488 14.3699853133132 15.1673642595115 15.2833095358308 15.1925117628041 NA NA NA NA NA
39 11 15 3.5 25 40 10 20 14.8392823633065 14.1959623836958 13.7441842899545 13.8368499364813 13.9373818061634 NA NA NA NA NA
39 11 10 6.133405 25 40 10 20 15.6184699736354 15.8070918379997 15.5709773236652 15.3850298658876 15.6715032460482 NA NA NA NA NA
39 11 0 11.40022 25 40 10 20 12.7404054067427 12.8867071101744 12.2085711189842 13.4553091558196 13.0787497255535 NA NA NA NA NA
39 11 5 8.76681 25 40 10 20 16.6339647494283 15.4951363730658 15.4858523311535 15.5335270787681 15.7507115987753 NA NA NA NA NA
39 11 5 8.76681 25 45 10 20 15.2262543116071 15.8832876586346 16.2118867060784 15.7410299750245 15.6540697689557 15.9817725690912 15.2482420501338 15.9914331607248 17.217893046079 15.1443009874014
39 11 5 8.76681 25 40 15 20 17.5729482260389 15.4993561673613 15.4953060127463 16.7029184351998 17.6087680965662 16.3397396790284 17.1606839609713 16.9009861562637 16.2298937399845 16.8581645722544
39 11 5 8.76681 30 40 10 20 17.6233231932255 16.3542947756876 17.1752390576306 16.915541252923 16.2444488366437 16.8727196689136 15.9095791530057 15.8800708307587 16.2171607626447 16.5097385539167
39 10.200346 10 8.273133 3.150472 38.137113 3.272675 20 13.4466407619611 13.6269557315586 13.1045924760606 13.2972846756154 13.9600594939803 13.922766291129 13.8705061156531 13.8755399921701 13.7261977289931 14.1052223589681
39 10.200346 10 8.273133 3.150472 38.137113 3.272675 20 13.8489622555588 14.1559941151758 14.3248803482026 13.8619568854262 13.6248193019579 14.2060775342526 14.1172675416984 13.3833791409284 14.094195162962 13.9914385957411
42 11 5 8.171862 25 40 14.28925 20 15.9997016599025 15.3654168862749 16.271938859715 15.8784099254789 16.0734988631038 16.4867494696416 15.6787538166575 16.4464620069091 15.6097820725359 16.1983147869647
42 11 5 8.171862 25 40 14.28925 20 16.2378279207635 16.8013663185004 16.1530204131672 16.1527460293767 16.4342202070146 16.3585077364977 16.2046579574809 16.0718638209826 16.1660314143385 16.2688363147995
43 18.54449 11.35219 10.93021 28.65752 40.49287 14.41363 12.6817 15.0762895176417 15.6164973736409 15.668969150916 15.5329296511818 15.8609990199079 15.5292574066404 14.8750396037673 15.454479336224 15.4695647981451 14.8826203963639
43 18.54449 11.35219 10.93021 28.65752 40.49287 14.41363 12.6817 15.7429126961569 15.2222362461628 14.87943455818 15.0597581766182 15.8845620224934 15.2748169646094 15.4342839314826 15.5824314774062 15.1837707827989 15.2379705527707
43 9.110784 9.094239 8.838965 28.657524 40.80133 14.413634 32.545549 16.5227967836489 16.8805251412107 15.5530668758796 15.7352228104801 16.311096812486 16.2539064773494 16.4650673020713 16.1962369747723 16.6749519805131 15.8388457777995
43 9.110784 9.094239 8.838965 28.657524 40.80133 14.413634 32.545549 16.7180466537965 16.3202982003411 16.509700878686 15.9430114807202 16.3023833722546 16.1090984596069 16.1502789954812 16.3409686108585 16.0234021468854 16.2398282411828
43 12.810245 9.167956 8.471464 28.657524 40.854751 14.413634 6.5 16.7830103292808 NA NA NA NA NA NA NA NA NA
43 12.810245 9.167956 8.471464 28.657524 40.854751 14.413634 6.5 15.3792944369593 NA NA NA NA NA NA NA NA NA
43 16.021495 6.203637 9.561292 28.657524 40.63433 14.413634 20.503245 16.1236892714547 NA NA NA NA NA NA NA NA NA
43 16.021495 6.203637 9.561292 28.657524 40.63433 14.413634 20.503245 16.1629330514637 NA NA NA NA NA NA NA NA NA
43 11.409945 13.670014 8.929026 28.657524 40.507052 14.413634 19.324947 15.4009132390045 15.6087942474352 15.0316311135701 15.5084466643509 15.3306531059091 15.5555931075676 15.1289885916377 15.6288120240842 14.9688889390455 15.4789660946703
43 11.409945 13.670014 8.929026 28.657524 40.507052 14.413634 19.324947 15.2615177436201 NA NA NA NA NA NA NA NA NA
44 11 0 9.838307 30 40 14.234 27.985 12.8287902723776 12.4276844833919 12.4763393456608 12.8436886336977 12.8416590485951 12.6835787440869 12.5113682479998 13.2390553237247 12.6799555493042 12.3477741219502
44 11 0 9.838307 30 40 14.234 27.985 12.2265255792574 12.9909190345379 12.893771221635 12.3503454154185 12.7974720160682 13.8587150706228 13.0952312428329 13.2877662293331 12.8441151558979 12.8184790733481
44 11 5 11.4 30 44.1 11.91 20 16.1340777574214 16.0280511320904 16.3968439706772 16.4550173825901 16.0685667317733 15.7592492899761 15.8381365033685 16.0761341786035 15.7440035257779 15.8267062858904
44 11 5 11.4 30 44.1 11.91 20 15.7798186671366 15.7807655289034 15.4771288217733 16.1486903084265 16.1210398398284 16.6921255764073 16.3677470033286 16.547637838393 15.7509942950073 16.0690857939633
44 11 5 16.1 30 46.61637 14.68433 20 15.3727927772051 15.9493920613751 15.4895065204033 16.0198190793048 15.6067069802737 15.427470759688 15.8446010484315 15.8913397166275 15.3575230315861 15.7202475800582
44 11 5 16.1 30 46.61637 14.68433 20 15.9155019871212 15.8357900236672 15.8026636462016 15.0472535529171 15.4006359272641 16.2276569382071 15.5863970881262 16.3200490546453 15.7387329605861 16.1688233045062
45 8.1363 7.244647 12.613371 24.50279 43.268939 15.586366 17.146927 15.8270049550026 15.7021010095267 15.6771180052493 16.2422825895829 16.0916270523952 16.3035909306192 16.101221062805 16.2998052819127 16.0159401673093 15.7439122753834
45 9.351144 6.536698 12.590045 31.342476 37.71315 16.184707 14.163228 16.2175760170199 16.6579857336376 16.178161604422 16.5447441982443 16.5677882174077 16.7607260527138 16.3368683749813 16.8018448326836 16.8706978428728 16.6768098298744
45 11.334733 7.572867 8.625691 30.69878 41.381085 4.197769 21.81512 16.0781955945953 15.4780785433214 15.933227388511 15.4724818619883 15.1258881624809 15.7444014159481 16.1859764892776 15.7421643406018 15.827690122256 15.8783076277228
45 9.768875 7.003259 10.161729 32.179921 39.391414 13.218785 16.423868 16.6006926221508 NA NA NA NA NA NA NA NA NA
47 10.89998 14.361379 11.13065 14.685536 44.004052 7.294846 23.82008 14.4509920462518 14.7411460958925 14.0800811067382 14.993331608945 14.9604501162092 14.9195621831779 14.0436139096947 14.3840977540157 14.4430279536888 13.6719705607536
50 11.612578 8.181003 4.786409 16.586512 43.866944 5.477196 29.025956 14.1786298579967 14.4121850853733 14.8901188512956 13.8527871671291 14.2006448408223 14.2207246890727 13.5971653898382 14.537968817612 14.2274034547358 14.6833390996152
50 11.620887 13.203209 9.009703 9.205226 42.88841 12.21651 25.428376 13.9702489182055 13.618107710423 14.447202944701 14.0668568618213 14.5140466462503 14.0292066886029 15.1948705513371 13.9849011995053 14.7307640404854 14.3033139472633
50 13.195028 14.376072 13.173186 11.816278 40.03693 8.013738 28.416829 14.4090200503156 14.6549467896322 14.2889980946641 14.5210182463139 15.1924672090922 14.594066305149 14.809176555324 14.38827870958 14.654126599505 15.0695235949408
50 15.770956 13.667999 9.769797 25.307929 45.989089 11.422501 27.220961 14.42830137988 15.066078435039 14.9652104579119 14.4308510112343 14.6424982746358 14.2298540611145 14.0634143534024 14.8353859043173 14.7761819814947 14.4307984823879
50 17.88221 8.69097 11.898868 9.551699 43.948996 8.45841 14.267288 14.9553342577931 15.1482145483241 14.8655855569118 14.6636817502601 14.0096620823633 14.3638608388335 14.5328097722481 13.9372056861031 14.3280436690135 15.0280962810451
50 10.387448 7.811778 12.76637 14.755822 44.642317 7.577277 30.510582 15.1093799690767 15.431336284954 15.5523465895486 15.0680379093616 15.2515197154673 NA NA NA NA NA
50 11.451257 12.159139 13.326963 30.443789 38.640562 5.791151 29.218249 15.2588334157735 15.2982550103321 14.7321994779766 15.3096542587226 13.8449781418301 NA NA NA NA NA
50 10.693787 6.460534 7.652068 33.631393 37.688173 16.830309 15.172403 16.6234154002937 16.0015414439746 17.3040276162044 16.5859482532101 16.6243582867988 NA NA NA NA NA
50 10.760828 6.590788 9.396877 34.55793 39.40411 14.590039 16.392505 16.4168877105943 16.8022274419571 16.6250339425484 15.9083636967965 16.7524698043763 NA NA NA NA NA
50 13.541674 7.227905 10.536204 25.01036 37.241763 17.508191 12.979181 15.7535849477279 15.6511245192112 17.2790578513274 15.7854832426763 16.3258423442023 NA NA NA NA NA
50 9.009306 7.052835 8.696286 30.614973 38.139081 14.66626 18.335514 16.565970047958 16.643431412253 16.7311839878693 16.7285393090403 16.1297456283089 NA NA NA NA NA
50 16.612961 6.500982 13.541595 28.913235 42.885085 5.876485 6.549778 15.6901590926867 15.3272749383013 15.5123743325604 15.9619803059416 15.8588086525036 NA NA NA NA NA
50 14.222627 8.802758 13.008818 26.308996 37.222783 6.674816 3.5 16.2237988546139 14.9841082913058 15.5989127459109 15.6704558571254 15.1624261061145 NA NA NA NA NA
50 11.984986 6.421377 10.428119 31.288935 38.964598 14.250246 14.262403 15.8828794236408 16.4206681466822 16.4810304679948 16.971398292468 16.4964249529974 NA NA NA NA NA
50 9.190751 6.877638 8.556417 30.771987 39.764734 18.219967 19.829777 17.6723606957369 16.6513359536376 17.027820292255 16.3216801216591 16.3889617719503 NA NA NA NA NA
50 9.367978 6.868169 8.762141 30.8856 39.635045 17.618583 19.675275 16.6059873738826 16.424375916494 17.122349662605 16.6629251085428 16.2064227365673 NA NA NA NA NA
50 9.931285 6.840892 9.244597 30.703643 39.374918 15.939932 18.948496 17.2883292356719 17.2115877102666 16.8977593013611 16.5184780404132 16.0741925821364 NA NA NA NA NA
50 9.939044 6.865353 9.270317 30.696026 39.372574 15.929839 19.045691 16.9115136303285 16.7727484076168 16.9760342902132 16.9613930546976 16.1578144762245 NA NA NA NA NA
50 5.398702 7.506937 16.805 22.004456 41.469642 6.427503 10.227599 14.3304102427594 14.4447639771899 14.8206778770174 14.4061902005482 14.8583341249634 NA NA NA NA NA
50 7.42419 6.472335 8.42311 32.987557 37.692462 17.472602 30.607051 15.9715172106669 16.3731533803181 16.6494615208692 NA NA NA NA NA NA NA
50 9.367616 6.417857 9.12507 36.128303 38.771601 18.967332 18.612659 16.6743427361113 17.028279391001 16.1912412066082 16.4671038726162 16.6332330739815 NA NA NA NA NA
50 11 5 8.76681 30 40 18.219967 20 16.5010325625502 16.981420386553 16.7964821608075 16.8710100917989 16.2851785092113 NA NA NA NA NA
50 9.190751 8.88889 16.805 30.771987 39.764734 18.219967 19.829777 16.0396102519927 15.7960018542666 16.0194427461244 15.7282632469362 15.2306124477827 14.9659069074149 15.8875742921255 16.6441392758554 15.8678914050576 14.9926681216136
